88 
70 
97 
60 
84 
17 
85 
80 
31 
85 
69 
83 
13 
0 
92 
1 
91 
64 
29 
51 
54 
34 
4 
20 
27 
23 
24 
90 
44 
38 
31 
27 
94 
15 
79 
40 
99 
6 
9 
66 
2 
19 
99 
11 
64 
53 
86 
79 
73 
56 
34 
92 
8 
15 
29 
6 
83 
65 
42 
60 
55 
20 
38 
27 
14 
4 
76 
56 
82 
13 
82 
3 
93 
95 
38 
13 
65 
17 
29 
91 
90 
48 
25 
28 
9 
86 
51 
77 
28 
22 
49 
78 
19 
53 
8 
73 
69 
81 
24 
86 
16 
45 
70 
45 
9 
86 
26 
23 
35 
61 
75 
41 
65 
33 
40 
74 
38 
65 
64 
76 
21 
37 
32 
66 
33 
33 
31 
8 
47 
63 
59 
47 
41 
39 
94 
26 
65 
75 
71 
45 
51 
48 
90 
16 
23 
54 
82 
16 
31 
6 
78 
66 
31 
66 
17 
46 
85 
25 
21 
34 
15 
13 
49 
26 
27 
89 
55 
39 
14 
91 
46 
57 
44 
2 
28 
90 
36 
63 
82 
8 
47 
17 
15 
64 
97 
46 
91 
11 
54 
16 
33 
65 
10 
40 
62 
13 
24 
89 
67 
92 
20 
72 
85 
2 
7 
43 
84 
89 
79 
56 
10 
75 
38 
72 
53 
74 
36 
20 
42 
57 
9 
90 
7 
6 
79 
62 
99 
2 
12 
27 
96 
17 
50 
72 
29 
95 
20 
20 
42 
30 
32 
42 
97 
45 
46 
5 
46 
51 
3 
48 
90 
52 
41 
91 
66 
81 
43 
45 
22 
54 
64 
49 
56 
62 
81 
55 
79 
85 
22 
76 
98 
45 
56 
76 
75 
81 
0 
79 
32 
41 
27 
30 
19 
64 
71 
28 
48 
34 
29 
65 
97 
69 
39 
65 
77 
62 
28 
59 
1 
96 
42 
80 
32 
21 
15 
23 
40 
53 
27 
15 
34 
2 
48 
47 
13 
32 
39 
69 
76 
28 
38 
8 
86 
51 
55 
78 
70 
74 
84 
6 
33 
84 
67 
99 
72 
32 
12 
90 
56 
63 
36 
68 
19 
19 
41 
90 
24 
97 
76 
8 
50 
81 
46 
40 
87 
36 
53 
57 
63 
74 
80 
92 
70 
8 
74 
25 
62 
36 
28 
33 
83 
52 
2 
82 
41 
28 
27 
32 
32 
7 
70 
71 
23 
59 
36 
4 
59 
99 
35 
61 
0 
58 
53 
59 
79 
34 
62 
14 
62 
14 
82 
84 
50 
64 
83 
66 
67 
17 
61 
83 
85 
42 
70 
77 
29 
55 
96 
57 
61 
22 
89 
78 
5 
6 
19 
29 
58 
60 
92 
51 
12 
98 
35 
56 
47 
10 
31 
23 
13 
62 
80 
5 
63 
21 
12 
6 
17 
76 
60 
30 
87 
51 
95 
92 
86 
21 
61 
33 
2 
91 
79 
11 
72 
7 
87 
36 
67 
76 
56 
49 
79 
22 
55 
70 
15 
98 
23 
35 
19 
20 
29 
35 
28 
2 
91 
48 
67 
25 
8 
48 
39 
31 
29 
3 
15 
15 
13 
56 
3 
80 
91 
72 
13 
14 
35 
93 
47 
31 
88 
99 
84 
33 
18 
61 
40 
65 
40 
53 
88 
92 
95 
93 
97 
91 
39 
25 
95 
12 
61 
65 
9 
11 
94 
45 
11 
38 
8 
98 
73 
81 
83 
98 
74 
53 
77 
42 
47 
99 
60 
8 
69 
15 
63 
4 
36 
49 
63 
43 
50 
11 
56 
50 
7 
97 
77 
15 
86 
50 
1 
61 
67 
12 
74 
25 
35 
66 
34 
93 
69 
95 
27 
76 
46 
9 
27 
57 
48 
55 
45 
45 
34 
76 
94 
47 
19 
30 
48 
62 
32 
90 
86 
63 
39 
92 
52 
67 
61 
48 
22 
99 
94 
18 
11 
13 
8 
44 
12 
9 
57 
94 
56 
49 
49 
27 
79 
1 
31 
45 
34 
55 
94 
49 
73 
98 
60 
56 
95 
40 
62 
61 
49 
34 
74 
68 
97 
71 
53 
2 
13 
59 
19 
22 
21 
37 
45 
0 
21 
71 
94 
76 
87 
61 
97 
12 
43 
77 
5 
13 
12 
89 
64 
20 
30 
9 
62 
49 
72 
67 
66 
28 
3 
88 
59 
63 
56 
85 
92 
86 
7 
25 
27 
61 
52 
41 
15 
75 
23 
13 
44 
71 
94 
53 
77 
56 
53 
48 
72 
0 
5 
40 
16 
46 
26 
50 
95 
44 
68 
59 
69 
30 
95 
12 
48 
41 
97 
85 
74 
62 
78 
4 
84 
78 
30 
32 
56 
58 
84 
56 
57 
99 
95 
94 
13 
4 
1 
15 
80 
99 
89 
93 
44 
96 
85 
55 
36 
95 
13 
43 
12 
9 
47 
89 
25 
50 
95 
55 
73 
2 
57 
12 
98 
56 
92 
94 
91 
34 
53 
63 
71 
94 
8 
46 
61 
0 
86 
58 
43 
37 
81 
26 
87 
11 
44 
57 
3 
71 
90 
45 
84 
11 
16 
76 
9 
56 
8 
67 
97 
87 
17 
16 
14 
66 
5 
71 
52 
13 
78 
69 
13 
17 
40 
11 
66 
46 
21 
35 
86 
32 
6 
86 
25 
35 
14 
85 
36 
83 
80 
65 
91 
72 
34 
80 
63 
90 
47 
51 
93 
25 
48 
49 
26 
25 
23 
97 
36 
48 
8 
99 
6 
58 
92 
26 
84 
40 
74 
22 
58 
60 
96 
72 
16 
13 
51 
35 
32 
76 
31 
30 
80 
46 
61 
69 
94 
15 
13 
80 
35 
34 
38 
1 
63 
77 
88 
38 
29 
11 
33 
47 
18 
13 
75 
65 
2 
90 
57 
71 
71 
38 
4 
12 
89 
37 
84 
78 
62 
79 
91 
21 
78 
12 
22 
42 
89 
21 
21 
25 
76 
88 
27 
65 
62 
68 
22 
51 
56 
67 
48 
94 
59 
26 
79 
98 
44 
50 
30 
34 
4 
19 
93 
71 
33 
69 
73 
61 
45 
26 
80 
51 
93 
31 
39 
91 
65 
26 
68 
95 
2 
63 
95 
19 
44 
26 
20 
15 
53 
53 
15 
47 
29 
98 
74 
42 
16 
22 
18 
82 
61 
95 
8 
9 
61 
84 
22 
21 
67 
87 
34 
92 
80 
16 
7 
39 
2 
94 
14 
87 
73 
1 
98 
65 
78 
51 
55 
14 
23 
0 
87 
70 
66 
37 
42 
86 
78 
14 
39 
27 
8 
55 
32 
66 
14 
16 
35 
57 
45 
56 
77 
31 
42 
4 
44 
50 
57 
87 
39 
88 
71 
53 
84 
68 
53 
96 
5 
95 
58 
6 
91 
94 
28 
37 
97 
33 
41 
76 
72 
25 
49 
43 
46 
26 
50 
56 
92 
8 
72 
14 
27 
31 
18 
53 
22 
32 
13 
52 
14 
14 
27 
32 
90 
17 
99 
78 
89 
42 
47 
91 
17 
3 
90 
18 
17 
80 
63 
38 
54 
59 
25 
76 
38 
67 
77 
58 
53 
27 
73 
57 
45 
13 
67 
16 
19 
5 
89 
26 
25 
32 
69 
15 
43 
96 
76 
50 
41 
94 
3 
53 
56 
97 
90 
56 
53 
21 
76 
79 
4 
68 
55 
30 
25 
60 
68 
70 
66 
73 
38 
29 
81 
39 
60 
50 
97 
23 
79 
47 
27 
99 
4 
55 
88 
64 
66 
7 
7 
40 
92 
11 
76 
7 
50 
29 
10 
81 
8 
25 
69 
53 
10 
43 
52 
60 
50 
53 
32 
13 
39 
80 
43 
19 
16 
86 
86 
11 
88 
50 
61 
4 
47 
39 
76 
49 
77 
12 
13 
66 
10 
99 
93 
53 
10 
24 
95 
86 
25 
0 
12 
36 
61 
31 
12 
75 
38 
71 
27 
71 
90 
43 
99 
50 
51 
99 
21 
37 
94 
44 
70 
98 
49 
94 
56 
94 
0 
95 
90 
5 
47 
23 
4 
47 
79 
78 
14 
14 
18 
26 
95 
51 
71 
78 
96 
81 
58 
14 
98 
63 
52 
88 
41 
90 
79 
3 
10 
71 
13 
89 
40 
98 
34 
2 
53 
75 
98 
74 
90 
12 
20 
51 
45 
71 
95 
57 
49 
57 
42 
94 
72 
95 
35 
18 
40 
13 
75 
1 
51 
28 
50 
38 
37 
8 
12 
8 
6 
26 
19 
7 
36 
5 
55 
66 
9 
63 
26 
78 
49 
3 
22 
1 
47 
82 
95 
36 
46 
71 
21 
86 
10 
18 
69 
10 
70 
71 
63 
30 
56 
55 
9 
33 
3 
94 
90 
78 
93 
4 
60 
47 
9 
38 
2 
84 
66 
79 
16 
19 
21 
92 
21 
40 
31 
8 
36 
45 
11 
56 
46 
44 
34 
26 
67 
12 
36 
6 
30 
12 
74 
81 
94 
2 
33 
6 
66 
79 
82 
27 
46 
79 
21 
69 
27 
68 
63 
74 
10 
82 
59 
54 
37 
78 
45 
79 
91 
75 
34 
30 
4 
16 
75 
27 
18 
19 
48 
84 
49 
42 
86 
37 
66 
64 
28 
85 
40 
58 
98 
5 
50 
70 
7 
89 
28 
48 
69 
3 
12 
55 
26 
13 
52 
22 
86 
53 
93 
48 
74 
6 
69 
13 
11 
69 
22 
26 
43 
57 
74 
86 
31 
0 
18 
21 
98 
77 
95 
21 
25 
98 
26 
88 
92 
35 
34 
82 
43 
47 
11 
71 
52 
39 
25 
55 
32 
95 
27 
52 
97 
59 
98 
16 
67 
3 
37 
55 
73 
63 
94 
55 
42 
70 
60 
82 
39 
36 
55 
35 
55 
9 
97 
6 
50 
40 
30 
49 
62 
96 
94 
67 
3 
93 
57 
27 
85 
70 
63 
92 
60 
86 
97 
88 
51 
9 
12 
45 
95 
49 
37 
7 
70 
52 
5 
11 
23 
31 
14 
63 
57 
67 
97 
99 
76 
95 
81 
56 
70 
70 
20 
55 
10 
83 
92 
81 
65 
82 
5 
56 
49 
37 
17 
76 
43 
31 
25 
43 
20 
59 
90 
17 
44 
80 
46 
80 
78 
87 
51 
91 
17 
82 
28 
74 
99 
80 
84 
49 
63 
66 
31 
32 
81 
24 
84 
75 
7 
50 
79 
65 
80 
68 
86 
87 
27 
84 
83 
74 
65 
59 
60 
8 
92 
63 
75 
11 
96 
72 
91 
62 
70 
15 
51 
90 
58 
63 
73 
20 
29 
86 
85 
43 
64 
31 
47 
64 
84 
42 
50 
20 
22 
27 
51 
35 
68 
79 
82 
67 
25 
40 
46 
70 
81 
67 
51 
19 
5 
65 
99 
82 
90 
97 
30 
79 
92 
11 
31 
65 
96 
58 
50 
92 
85 
1 
83 
51 
95 
81 
63 
78 
65 
2 
38 
14 
69 
98 
88 
78 
42 
74 
0 
54 
41 
54 
98 
10 
75 
72 
79 
54 
58 
52 
91 
64 
81 
55 
98 
25 
29 
22 
39 
83 
25 
29 
93 
22 
46 
31 
50 
62 
72 
90 
55 
13 
75 
34 
4 
12 
45 
3 
84 
19 
63 
85 
41 
85 
31 
89 
87 
45 
65 
76 
58 
27 
65 
61 
33 
74 
95 
2 
58 
34 
63 
82 
64 
89 
92 
99 
66 
29 
96 
55 
17 
0 
90 
32 
71 
2 
78 
29 
22 
83 
40 
22 
69 
23 
40 
95 
16 
34 
45 
91 
30 
63 
68 
6 
6 
66 
31 
52 
31 
9 
73 
4 
65 
56 
81 
46 
15 
37 
23 
69 
91 
35 
65 
20 
18 
85 
26 
89 
92 
57 
27 
55 
84 
53 
35 
84 
79 
14 
41 
6 
47 
35 
87 
27 
2 
33 
92 
22 
44 
44 
89 
24 
30 
12 
25 
7 
55 
65 
92 
34 
56 
80 
50 
97 
70 
12 
99 
30 
26 
55 
77 
56 
58 
28 
63 
91 
47 
29 
17 
36 
55 
16 
93 
43 
95 
16 
80 
30 
23 
21 
30 
75 
84 
31 
61 
65 
6 
47 
21 
23 
44 
3 
68 
38 
45 
80 
60 
24 
0 
97 
89 
40 
46 
81 
7 
96 
18 
65 
93 
85 
65 
43 
55 
26 
36 
54 
17 
83 
39 
44 
52 
68 
39 
16 
49 
36 
82 
15 
52 
55 
81 
77 
55 
35 
82 
71 
26 
57 
51 
32 
41 
76 
27 
61 
8 
58 
56 
49 
14 
56 
49 
81 
1 
63 
4 
79 
33 
43 
14 
33 
75 
66 
22 
92 
92 
60 
95 
22 
71 
22 
94 
77 
35 
20 
16 
37 
52 
72 
0 
31 
19 
0 
15 
79 
32 
38 
47 
27 
3 
66 
81 
29 
23 
40 
7 
56 
63 
72 
46 
69 
21 
82 
96 
11 
64 
45 
8 
76 
76 
95 
8 
10 
13 
73 
51 
30 
36 
49 
24 
18 
16 
53 
60 
45 
77 
86 
64 
31 
94 
69 
29 
89 
9 
25 
87 
36 
55 
89 
43 
45 
23 
83 
4 
72 
11 
49 
32 
25 
25 
78 
76 
90 
40 
69 
53 
15 
80 
74 
9 
2 
25 
61 
6 
26 
62 
31 
12 
34 
81 
70 
25 
54 
30 
88 
24 
98 
6 
7 
70 
26 
5 
7 
21 
8 
46 
85 
70 
52 
93 
35 
70 
9 
69 
4 
67 
60 
61 
45 
4 
10 
81 
51 
94 
81 
25 
91 
56 
51 
97 
12 
5 
99 
37 
44 
97 
52 
15 
85 
45 
99 
7 
65 
59 
39 
78 
64 
6 
43 
82 
38 
5 
92 
8 
41 
54 
71 
55 
63 
37 
49 
57 
66 
13 
81 
40 
19 
22 
58 
66 
2 
16 
6 
0 
17 
37 
74 
79 
87 
45 
26 
20 
74 
41 
87 
86 
86 
73 
76 
97 
8 
17 
94 
33 
23 
67 
8 
87 
34 
66 
13 
96 
39 
86 
91 
40 
74 
46 
40 
5 
28 
74 
35 
31 
50 
23 
97 
78 
88 
87 
16 
46 
91 
29 
79 
14 
11 
5 
56 
17 
13 
44 
59 
72 
84 
55 
75 
24 
80 
44 
22 
31 
56 
16 
28 
61 
20 
74 
4 
93 
55 
29 
46 
27 
35 
58 
12 
60 
1 
32 
4 
16 
6 
56 
22 
71 
2 
22 
18 
0 
44 
5 
24 
74 
50 
23 
2 
11 
3 
36 
45 
74 
70 
33 
60 
19 
60 
34 
57 
6 
81 
85 
66 
0 
99 
49 
83 
77 
67 
21 
80 
11 
29 
19 
1 
53 
66 
15 
25 
76 
8 
64 
12 
10 
33 
96 
88 
91 
83 
71 
30 
29 
11 
98 
92 
42 
63 
89 
10 
77 
66 
51 
25 
54 
67 
56 
31 
69 
9 
12 
96 
38 
77 
62 
81 
28 
52 
51 
95 
39 
11 
68 
66 
80 
36 
9 
71 
38 
39 
87 
22 
40 
96 
40 
88 
20 
15 
74 
40 
22 
21 
30 
56 
5 
45 
86 
15 
29 
16 
92 
49 
78 
16 
1 
90 
16 
39 
48 
26 
71 
58 
39 
93 
1 
35 
52 
38 
54 
88 
72 
81 
59 
33 
85 
82 
78 
41 
4 
32 
89 
87 
17 
57 
53 
31 
29 
42 
68 
52 
85 
51 
22 
80 
21 
49 
73 
38 
48 
83 
95 
70 
38 
54 
97 
10 
61 
84 
77 
88 
68 
34 
23 
80 
85 
29 
95 
83 
34 
86 
41 
84 
15 
76 
90 
61 
62 
71 
11 
69 
22 
35 
36 
34 
72 
15 
27 
70 
38 
42 
81 
42 
78 
10 
55 
80 
56 
39 
93 
60 
3 
2 
83 
53 
69 
3 
68 
50 
0 
23 
40 
73 
99 
70 
65 
14 
58 
40 
86 
4 
65 
46 
62 
79 
19 
35 
51 
21 
57 
40 
30 
46 
48 
25 
77 
62 
45 
98 
72 
58 
60 
25 
28 
73 
39 
7 
21 
45 
60 
88 
77 
16 
16 
46 
82 
12 
21 
75 
44 
14 
78 
80 
75 
54 
89 
13 
88 
84 
38 
37 
5 
93 
18 
48 
50 
2 
67 
0 
73 
16 
26 
8 
49 
55 
40 
36 
91 
76 
33 
8 
85 
16 
10 
15 
23 
55 
66 
4 
47 
9 
40 
94 
68 
88 
27 
53 
22 
70 
69 
35 
8 
49 
88 
36 
58 
84 
46 
42 
97 
3 
52 
40 
87 
94 
9 
0 
27 
18 
36 
59 
63 
68 
11 
83 
12 
6 
93 
84 
33 
3 
71 
72 
11 
59 
58 
92 
31 
71 
76 
28 
1 
54 
88 
57 
49 
60 
95 
33 
99 
5 
65 
61 
87 
42 
79 
54 
17 
3 
34 
73 
47 
1 
91 
9 
85 
90 
97 
84 
4 
69 
72 
96 
26 
48 
3 
99 
1 
70 
56 
76 
2 
74 
42 
76 
40 
49 
32 
89 
85 
0 
20 
4 
99 
10 
51 
77 
59 
79 
15 
71 
54 
73 
41 
49 
53 
1 
75 
64 
20 
61 
13 
62 
29 
45 
68 
90 
53 
60 
94 
45 
42 
8 
69 
17 
38 
56 
2 
75 
20 
61 
37 
34 
1 
87 
54 
26 
86 
94 
62 
31 
85 
80 
48 
94 
27 
96 
25 
12 
99 
84 
90 
13 
36 
71 
16 
99 
80 
38 
28 
12 
77 
28 
8 
41 
1 
96 
53 
4 
88 
62 
7 
35 
52 
84 
46 
46 
37 
37 
83 
2 
54 
47 
70 
91 
44 
90 
41 
31 
84 
41 
12 
60 
98 
37 
82 
44 
16 
30 
73 
31 
12 
41 
30 
29 
19 
75 
24 
28 
86 
72 
52 
72 
37 
16 
23 
73 
61 
96 
75 
9 
50 
20 
72 
31 
42 
39 
33 
83 
25 
32 
18 
87 
65 
91 
75 
89 
55 
35 
96 
85 
63 
63 
34 
22 
41 
3 
70 
60 
13 
17 
68 
17 
19 
79 
55 
73 
90 
46 
84 
17 
70 
15 
88 
27 
52 
5 
25 
38 
39 
92 
11 
1 
44 
72 
39 
71 
33 
69 
25 
60 
41 
5 
15 
91 
39 
34 
41 
37 
81 
99 
2 
60 
71 
81 
19 
73 
61 
66 
22 
62 
53 
80 
14 
28 
64 
55 
97 
92 
54 
81 
42 
77 
51 
77 
60 
22 
65 
78 
42 
8 
12 
65 
45 
10 
26 
37 
11 
15 
7 
87 
50 
55 
25 
49 
52 
54 
47 
90 
19 
77 
19 
87 
68 
55 
71 
76 
31 
19 
26 
14 
71 
46 
39 
8 
80 
52 
0 
36 
28 
18 
30 
43 
11 
74 
52 
27 
68 
70 
79 
23 
97 
38 
17 
80 
86 
9 
17 
75 
5 
46 
57 
27 
70 
43 
69 
52 
23 
26 
71 
8 
35 
45 
27 
70 
22 
23 
10 
16 
72 
73 
29 
93 
7 
75 
76 
63 
42 
20 
64 
5 
72 
51 
71 
76 
84 
63 
74 
18 
42 
55 
