8.58251e+12 
6.96957e+12 
9.41395e+12 
6.07438e+12 
8.24325e+12 
2.18153e+12 
8.34826e+12 
7.82852e+12 
3.465e+12 
8.2738e+12 
6.85945e+12 
8.14319e+12 
1.7838e+12 
6.51272e+11 
8.9533e+12 
7.42127e+11 
8.85902e+12 
6.44292e+12 
3.30083e+12 
5.24742e+12 
5.52094e+12 
3.71399e+12 
9.62174e+11 
2.46277e+12 
3.09124e+12 
2.69078e+12 
2.77655e+12 
8.74296e+12 
4.63594e+12 
4.05077e+12 
3.49397e+12 
3.09136e+12 
9.12786e+12 
2.00551e+12 
7.78104e+12 
4.25321e+12 
9.5551e+12 
1.19127e+12 
1.46572e+12 
6.59421e+12 
8.26959e+11 
2.3665e+12 
9.59117e+12 
1.65652e+12 
6.4232e+12 
5.44864e+12 
8.42619e+12 
7.79811e+12 
7.21929e+12 
5.70119e+12 
3.69579e+12 
8.92154e+12 
1.33399e+12 
1.97191e+12 
3.29112e+12 
1.15532e+12 
8.13329e+12 
6.4804e+12 
4.48113e+12 
6.09736e+12 
5.58445e+12 
2.47026e+12 
4.09504e+12 
3.11799e+12 
1.91371e+12 
9.909e+11 
7.49089e+12 
5.73063e+12 
8.02992e+12 
1.85371e+12 
8.07076e+12 
9.24399e+11 
9.05289e+12 
9.25319e+12 
4.07698e+12 
1.8591e+12 
6.53748e+12 
2.2171e+12 
3.26897e+12 
8.85867e+12 
8.73276e+12 
4.98166e+12 
2.90611e+12 
3.19802e+12 
1.46952e+12 
8.43309e+12 
5.25584e+12 
7.62794e+12 
3.1959e+12 
2.66525e+12 
5.09874e+12 
7.72764e+12 
2.34584e+12 
5.48015e+12 
1.33836e+12 
7.2272e+12 
6.86388e+12 
7.97164e+12 
2.83706e+12 
8.42336e+12 
2.08779e+12 
4.69973e+12 
6.96171e+12 
4.71732e+12 
1.42017e+12 
8.42543e+12 
2.9909e+12 
2.75116e+12 
3.82532e+12 
6.14839e+12 
7.40125e+12 
4.34652e+12 
6.56175e+12 
3.67762e+12 
4.29116e+12 
7.30358e+12 
4.11802e+12 
6.48866e+12 
6.41292e+12 
7.49591e+12 
2.5517e+12 
4.02874e+12 
3.56015e+12 
6.5895e+12 
3.63408e+12 
3.58123e+12 
3.46469e+12 
1.39774e+12 
4.85899e+12 
6.35879e+12 
5.96883e+12 
4.92466e+12 
4.37483e+12 
4.14552e+12 
9.09728e+12 
2.98939e+12 
6.5285e+12 
7.45914e+12 
7.08621e+12 
4.75246e+12 
5.26911e+12 
4.9848e+12 
8.79217e+12 
2.10518e+12 
2.73979e+12 
5.52868e+12 
8.08643e+12 
2.11094e+12 
3.46356e+12 
1.19175e+12 
7.70061e+12 
6.6045e+12 
3.46422e+12 
6.64386e+12 
2.18455e+12 
4.77187e+12 
8.31152e+12 
2.93823e+12 
2.55139e+12 
3.726e+12 
2.00234e+12 
1.81436e+12 
5.04624e+12 
3.06278e+12 
3.09588e+12 
8.67324e+12 
5.58964e+12 
4.21276e+12 
1.9244e+12 
8.82531e+12 
4.82128e+12 
5.80701e+12 
4.60473e+12 
8.21563e+11 
3.18168e+12 
8.81934e+12 
3.9093e+12 
6.3406e+12 
8.06777e+12 
1.36988e+12 
4.92363e+12 
2.20855e+12 
2.02935e+12 
6.37863e+12 
9.35304e+12 
4.83582e+12 
8.85409e+12 
1.63774e+12 
5.53724e+12 
2.1025e+12 
3.63557e+12 
6.52425e+12 
1.56039e+12 
4.2724e+12 
6.23054e+12 
1.81633e+12 
2.82707e+12 
8.65075e+12 
6.75271e+12 
8.99704e+12 
2.45865e+12 
7.12632e+12 
8.35393e+12 
8.69016e+11 
1.27093e+12 
4.50022e+12 
8.28704e+12 
8.67903e+12 
7.84177e+12 
5.76671e+12 
1.58652e+12 
7.4631e+12 
4.07911e+12 
7.16046e+12 
5.4758e+12 
7.31619e+12 
3.86918e+12 
2.49073e+12 
4.49414e+12 
5.82271e+12 
1.47582e+12 
8.7771e+12 
1.27845e+12 
1.20411e+12 
7.76773e+12 
6.25541e+12 
9.58698e+12 
8.5259e+11 
1.77655e+12 
3.08878e+12 
9.33516e+12 
2.16678e+12 
5.16209e+12 
7.14654e+12 
3.27959e+12 
9.25502e+12 
2.45041e+12 
2.47461e+12 
4.45649e+12 
3.37018e+12 
3.57209e+12 
4.50238e+12 
9.39552e+12 
4.74184e+12 
4.79818e+12 
1.17429e+12 
4.81634e+12 
5.30507e+12 
8.97012e+11 
5.03998e+12 
8.7563e+12 
5.37773e+12 
4.31415e+12 
8.84874e+12 
6.62168e+12 
7.9633e+12 
4.53743e+12 
4.71681e+12 
2.68555e+12 
5.53472e+12 
6.46455e+12 
5.08363e+12 
5.72301e+12 
6.22683e+12 
7.97432e+12 
5.61814e+12 
7.79778e+12 
8.36707e+12 
2.6528e+12 
7.47859e+12 
9.50131e+12 
4.69148e+12 
5.74547e+12 
7.51129e+12 
7.43333e+12 
8.00269e+12 
6.79497e+11 
7.80934e+12 
3.59917e+12 
4.35961e+12 
3.13879e+12 
3.36097e+12 
2.37554e+12 
6.38775e+12 
7.06125e+12 
3.19732e+12 
5.00109e+12 
3.7136e+12 
3.30631e+12 
6.56281e+12 
9.41143e+12 
6.86312e+12 
4.20067e+12 
6.56498e+12 
7.5962e+12 
6.31482e+12 
3.20261e+12 
5.98549e+12 
7.56838e+11 
9.32524e+12 
4.52349e+12 
7.89741e+12 
3.57079e+12 
2.58738e+12 
1.99559e+12 
2.73591e+12 
4.29941e+12 
5.46569e+12 
3.10621e+12 
2.07002e+12 
3.76263e+12 
8.85903e+11 
4.97947e+12 
4.90126e+12 
1.8954e+12 
3.57912e+12 
4.20682e+12 
6.89658e+12 
7.52145e+12 
3.12745e+12 
4.07414e+12 
1.42133e+12 
8.44022e+12 
5.28733e+12 
5.67848e+12 
7.68451e+12 
6.98079e+12 
7.28562e+12 
8.2417e+12 
1.2094e+12 
3.6511e+12 
8.24136e+12 
6.71022e+12 
9.61426e+12 
7.11533e+12 
3.56144e+12 
1.7074e+12 
8.79495e+12 
5.68984e+12 
6.38868e+12 
3.93434e+12 
6.82053e+12 
2.43336e+12 
2.42731e+12 
4.339e+12 
8.84198e+12 
2.91296e+12 
9.43192e+12 
7.54469e+12 
1.42212e+12 
5.15752e+12 
8.02999e+12 
4.8328e+12 
4.28923e+12 
8.48345e+12 
3.97295e+12 
5.50472e+12 
5.82851e+12 
6.39278e+12 
7.33878e+12 
7.90028e+12 
8.94878e+12 
6.96043e+12 
1.38366e+12 
7.36519e+12 
2.94175e+12 
6.29657e+12 
3.91395e+12 
3.19996e+12 
3.68117e+12 
8.1927e+12 
5.35713e+12 
9.38801e+11 
8.08855e+12 
4.38571e+12 
3.25589e+12 
3.12009e+12 
3.64391e+12 
3.5682e+12 
1.29593e+12 
7.01866e+12 
7.03521e+12 
2.7256e+12 
6.03542e+12 
3.99501e+12 
1.06709e+12 
6.02237e+12 
9.59889e+12 
3.8628e+12 
6.18259e+12 
6.8864e+11 
5.86685e+12 
5.46743e+12 
6.00438e+12 
7.75668e+12 
3.80388e+12 
6.26427e+12 
1.96265e+12 
6.28345e+12 
1.90702e+12 
8.06777e+12 
8.26148e+12 
5.21348e+12 
6.44808e+12 
8.22326e+12 
6.59311e+12 
6.7304e+12 
2.23249e+12 
6.15474e+12 
8.1375e+12 
8.35818e+12 
4.42685e+12 
6.9752e+12 
7.61642e+12 
3.27455e+12 
5.64308e+12 
9.3553e+12 
5.85912e+12 
6.18846e+12 
2.68048e+12 
8.72694e+12 
7.75799e+12 
1.1193e+12 
1.24728e+12 
2.43303e+12 
3.2982e+12 
5.92383e+12 
6.07849e+12 
8.98442e+12 
5.2859e+12 
1.76594e+12 
9.49382e+12 
3.81599e+12 
5.78156e+12 
4.8976e+12 
1.61779e+12 
3.53748e+12 
2.77365e+12 
1.90296e+12 
6.3061e+12 
7.87682e+12 
1.13743e+12 
6.36156e+12 
2.59074e+12 
1.75936e+12 
1.26489e+12 
2.22362e+12 
7.49604e+12 
6.08885e+12 
3.43799e+12 
8.5852e+12 
5.27187e+12 
9.24709e+12 
8.98956e+12 
8.45224e+12 
2.56108e+12 
6.17369e+12 
3.70896e+12 
8.71564e+11 
8.92228e+12 
7.78202e+12 
1.69279e+12 
7.20802e+12 
1.29975e+12 
8.51275e+12 
3.99902e+12 
6.76869e+12 
7.56962e+12 
5.76274e+12 
5.13028e+12 
7.81041e+12 
2.68388e+12 
5.61943e+12 
6.98863e+12 
2.07062e+12 
9.5611e+12 
2.75764e+12 
3.85039e+12 
2.41038e+12 
2.49254e+12 
3.32043e+12 
3.82747e+12 
3.23888e+12 
9.08414e+11 
8.89657e+12 
5.07132e+12 
6.69582e+12 
2.95264e+12 
1.43105e+12 
5.02468e+12 
4.23163e+12 
3.52633e+12 
3.2822e+12 
1.00078e+12 
1.98648e+12 
2.05754e+12 
1.85034e+12 
5.76542e+12 
9.79678e+11 
7.88522e+12 
8.87644e+12 
7.17164e+12 
1.89192e+12 
1.97207e+12 
3.86662e+12 
9.04981e+12 
4.89386e+12 
3.45793e+12 
8.59886e+12 
9.65827e+12 
8.27692e+12 
3.73099e+12 
2.33559e+12 
6.22987e+12 
4.27373e+12 
6.53193e+12 
4.28854e+12 
5.44796e+12 
8.62479e+12 
9.03188e+12 
9.22815e+12 
9.11338e+12 
9.4369e+12 
8.85142e+12 
4.17674e+12 
2.91869e+12 
9.30713e+12 
1.78872e+12 
6.22531e+12 
6.60746e+12 
1.51118e+12 
1.6996e+12 
9.20254e+12 
4.76375e+12 
1.72405e+12 
4.12996e+12 
1.42387e+12 
9.56775e+12 
7.2575e+12 
8.01336e+12 
8.173e+12 
9.56661e+12 
7.35759e+12 
5.47324e+12 
7.61084e+12 
4.44318e+12 
4.91856e+12 
9.58808e+12 
6.11317e+12 
1.43016e+12 
6.85133e+12 
2.04701e+12 
6.37069e+12 
1.06747e+12 
3.99124e+12 
5.1382e+12 
6.36751e+12 
4.53567e+12 
5.2185e+12 
1.69048e+12 
5.77684e+12 
5.22653e+12 
1.3288e+12 
9.43653e+12 
7.68342e+12 
2.08303e+12 
8.46241e+12 
5.19354e+12 
8.35178e+11 
6.19448e+12 
6.71641e+12 
1.82055e+12 
7.36867e+12 
2.98252e+12 
3.86218e+12 
6.66231e+12 
3.75925e+12 
9.09365e+12 
6.96229e+12 
9.23244e+12 
3.17196e+12 
7.56e+12 
4.86887e+12 
1.50557e+12 
3.14408e+12 
5.91056e+12 
5.08193e+12 
5.65218e+12 
4.70906e+12 
4.7244e+12 
3.78242e+12 
7.57403e+12 
9.17696e+12 
4.9864e+12 
2.4437e+12 
3.41995e+12 
5.05942e+12 
6.34002e+12 
3.55347e+12 
8.78779e+12 
8.48536e+12 
6.40141e+12 
4.25191e+12 
8.99013e+12 
5.42698e+12 
6.71145e+12 
6.23298e+12 
5.00261e+12 
2.70017e+12 
9.63194e+12 
9.1901e+12 
2.31278e+12 
1.74186e+12 
1.86305e+12 
1.46672e+12 
4.61609e+12 
1.77523e+12 
1.54114e+12 
5.86498e+12 
9.21218e+12 
5.80964e+12 
5.11122e+12 
5.08466e+12 
3.11834e+12 
7.85768e+12 
7.72802e+11 
3.54682e+12 
4.76364e+12 
3.77324e+12 
5.67704e+12 
9.18986e+12 
5.12906e+12 
7.32787e+12 
9.50156e+12 
6.18263e+12 
5.7343e+12 
9.28197e+12 
4.33897e+12 
6.29602e+12 
6.16331e+12 
5.09267e+12 
3.78518e+12 
7.3646e+12 
6.7961e+12 
9.40255e+12 
7.07929e+12 
5.47534e+12 
8.80183e+11 
1.87478e+12 
6.00428e+12 
2.39121e+12 
2.72368e+12 
2.5727e+12 
4.04718e+12 
4.7877e+12 
6.94216e+11 
2.60537e+12 
7.13585e+12 
9.16713e+12 
7.6146e+12 
8.52923e+12 
6.22548e+12 
9.44843e+12 
1.7433e+12 
4.5756e+12 
7.67976e+12 
1.17028e+12 
1.90679e+12 
1.80937e+12 
8.69229e+12 
6.52142e+12 
2.52316e+12 
3.41945e+12 
1.51702e+12 
6.28834e+12 
5.15284e+12 
7.17711e+12 
6.73392e+12 
6.6441e+12 
3.20047e+12 
9.47311e+11 
8.67619e+12 
6.02612e+12 
6.37422e+12 
5.77691e+12 
8.37108e+12 
9.02983e+12 
8.4745e+12 
1.36412e+12 
2.99956e+12 
3.16222e+12 
6.19689e+12 
5.36577e+12 
4.39037e+12 
2.06993e+12 
7.48621e+12 
2.75553e+12 
1.86482e+12 
4.67466e+12 
7.16487e+12 
9.16355e+12 
5.51782e+12 
7.63775e+12 
5.74056e+12 
5.50991e+12 
5.05468e+12 
7.23902e+12 
7.57783e+11 
1.14498e+12 
4.31256e+12 
2.16907e+12 
4.89037e+12 
3.0746e+12 
5.23462e+12 
9.2874e+12 
4.72014e+12 
6.85462e+12 
6.06283e+12 
6.90688e+12 
3.40286e+12 
9.26791e+12 
1.81328e+12 
5.00849e+12 
4.42204e+12 
9.3879e+12 
8.35093e+12 
7.44022e+12 
6.23881e+12 
7.7285e+12 
1.07291e+12 
8.28421e+12 
7.72829e+12 
3.41585e+12 
3.58527e+12 
5.77525e+12 
5.9356e+12 
8.31163e+12 
5.73427e+12 
5.8543e+12 
9.61268e+12 
9.29938e+12 
9.16222e+12 
1.91414e+12 
1.08203e+12 
8.00576e+11 
2.04635e+12 
7.85616e+12 
9.67964e+12 
8.74363e+12 
9.06945e+12 
4.67761e+12 
9.3681e+12 
8.47162e+12 
5.68493e+12 
3.97346e+12 
9.26701e+12 
1.86005e+12 
4.60197e+12 
1.81365e+12 
1.52119e+12 
4.95168e+12 
8.70241e+12 
3.00468e+12 
5.17562e+12 
9.27348e+12 
5.67613e+12 
7.36039e+12 
9.00917e+11 
5.88178e+12 
1.7989e+12 
9.53562e+12 
5.80141e+12 
8.99079e+12 
9.13671e+12 
8.91709e+12 
3.82815e+12 
5.51234e+12 
6.39099e+12 
7.07412e+12 
9.1843e+12 
1.42075e+12 
4.8737e+12 
6.19648e+12 
7.6088e+11 
8.47058e+12 
5.95797e+12 
4.57254e+12 
4.10866e+12 
8.01703e+12 
3.02486e+12 
8.55327e+12 
1.73186e+12 
4.65661e+12 
5.7952e+12 
9.53195e+11 
7.0953e+12 
8.81447e+12 
4.77195e+12 
8.29675e+12 
1.68782e+12 
2.18935e+12 
7.5521e+12 
1.58071e+12 
5.76185e+12 
1.42743e+12 
6.73055e+12 
9.46671e+12 
8.57584e+12 
2.28207e+12 
2.11541e+12 
1.97569e+12 
6.6731e+12 
1.14851e+12 
7.11921e+12 
5.40329e+12 
1.89326e+12 
7.7964e+12 
6.9554e+12 
1.94056e+12 
2.26869e+12 
4.34921e+12 
1.67613e+12 
6.67109e+12 
4.87159e+12 
2.64744e+12 
3.86439e+12 
8.45592e+12 
3.56849e+12 
1.28509e+12 
8.45497e+12 
2.94892e+12 
3.87787e+12 
1.9631e+12 
8.38464e+12 
4.02407e+12 
8.2355e+12 
7.95538e+12 
6.58912e+12 
8.93137e+12 
7.20163e+12 
3.84237e+12 
7.87788e+12 
6.39723e+12 
8.82406e+12 
4.9911e+12 
5.31302e+12 
9.12515e+12 
2.9694e+12 
5.11485e+12 
5.14925e+12 
3.08478e+12 
3.03267e+12 
2.81877e+12 
9.48676e+12 
3.91697e+12 
5.07861e+12 
1.45164e+12 
9.61612e+12 
1.2579e+12 
5.97083e+12 
9.01131e+12 
3.03585e+12 
8.31842e+12 
4.33692e+12 
7.43848e+12 
2.70365e+12 
5.98696e+12 
6.13516e+12 
9.35884e+12 
7.2124e+12 
2.23557e+12 
1.94288e+12 
5.35568e+12 
3.9078e+12 
3.65507e+12 
7.63427e+12 
3.56275e+12 
3.40045e+12 
7.97858e+12 
4.85742e+12 
6.20736e+12 
6.91923e+12 
9.2621e+12 
2.12776e+12 
1.90016e+12 
7.92216e+12 
3.86999e+12 
3.82241e+12 
4.12322e+12 
8.45825e+11 
6.39663e+12 
7.65058e+12 
8.68219e+12 
4.13139e+12 
3.31303e+12 
1.71948e+12 
3.75261e+12 
4.97552e+12 
2.29722e+12 
1.86714e+12 
7.4932e+12 
6.5574e+12 
9.42187e+11 
8.7824e+12 
5.90832e+12 
7.09556e+12 
7.13082e+12 
4.17082e+12 
1.09061e+12 
1.77961e+12 
8.74365e+12 
4.07394e+12 
8.34067e+12 
7.75327e+12 
6.31168e+12 
7.84758e+12 
8.92017e+12 
2.62599e+12 
7.76976e+12 
1.82636e+12 
2.74174e+12 
4.47581e+12 
8.72912e+12 
2.64266e+12 
2.59645e+12 
3.00374e+12 
7.58751e+12 
8.65255e+12 
3.17484e+12 
6.60067e+12 
6.30532e+12 
6.82652e+12 
2.78852e+12 
5.31138e+12 
5.79375e+12 
6.80626e+12 
5.00553e+12 
9.24278e+12 
6.07185e+12 
3.08331e+12 
7.82446e+12 
9.56656e+12 
4.74186e+12 
5.23577e+12 
3.42821e+12 
3.81209e+12 
1.10495e+12 
2.47227e+12 
9.12116e+12 
7.11538e+12 
3.71927e+12 
6.94221e+12 
7.32273e+12 
6.24255e+12 
4.8109e+12 
3.14138e+12 
7.9237e+12 
5.31437e+12 
9.06604e+12 
3.54111e+12 
4.24343e+12 
8.91816e+12 
6.61991e+12 
3.08257e+12 
6.91891e+12 
9.31663e+12 
9.43112e+11 
6.40324e+12 
9.36708e+12 
2.42652e+12 
4.68333e+12 
3.06047e+12 
2.54091e+12 
2.1222e+12 
5.49736e+12 
5.55761e+12 
2.09096e+12 
5.01721e+12 
3.35756e+12 
9.51943e+12 
7.43281e+12 
4.48731e+12 
2.15824e+12 
2.69751e+12 
2.36197e+12 
8.13654e+12 
6.21366e+12 
9.30632e+12 
1.46011e+12 
1.51515e+12 
6.21863e+12 
8.32125e+12 
2.70543e+12 
2.63824e+12 
6.75876e+12 
8.54383e+12 
3.8396e+12 
9.00018e+12 
7.9016e+12 
2.1861e+12 
1.39237e+12 
4.29013e+12 
9.41594e+11 
9.18713e+12 
2.00592e+12 
8.60154e+12 
7.23856e+12 
8.41725e+11 
9.57671e+12 
6.57424e+12 
7.77705e+12 
5.36423e+12 
5.68918e+12 
1.99061e+12 
2.79219e+12 
7.71935e+11 
8.6196e+12 
7.0377e+12 
6.69245e+12 
4.03302e+12 
4.48729e+12 
8.43489e+12 
7.71024e+12 
2.04907e+12 
4.25297e+12 
3.16915e+12 
1.45119e+12 
5.72374e+12 
3.59399e+12 
6.63877e+12 
2.01696e+12 
2.16941e+12 
3.87771e+12 
5.81001e+12 
4.83309e+12 
5.81378e+12 
7.71558e+12 
3.49975e+12 
4.55323e+12 
1.12392e+12 
4.67589e+12 
5.24467e+12 
5.90805e+12 
8.5974e+12 
4.24392e+12 
8.69776e+12 
7.18493e+12 
5.55121e+12 
8.28002e+12 
6.85848e+12 
5.5725e+12 
9.38912e+12 
1.19008e+12 
9.33288e+12 
6.00055e+12 
1.30742e+12 
8.98618e+12 
9.21505e+12 
3.2409e+12 
4.04517e+12 
9.52383e+12 
3.78653e+12 
4.43602e+12 
7.62359e+12 
7.24947e+12 
3.00095e+12 
5.15741e+12 
4.65495e+12 
4.94094e+12 
3.07363e+12 
5.21099e+12 
5.8042e+12 
9.0752e+12 
1.48945e+12 
7.22419e+12 
2.03031e+12 
3.13965e+12 
3.52516e+12 
2.41811e+12 
5.47717e+12 
2.73376e+12 
3.67368e+12 
1.93742e+12 
5.45983e+12 
2.00596e+12 
2.02614e+12 
3.10027e+12 
3.62578e+12 
8.84395e+12 
2.29914e+12 
9.67387e+12 
7.7567e+12 
8.71781e+12 
4.51298e+12 
4.96236e+12 
8.91054e+12 
2.30064e+12 
1.00633e+12 
8.85456e+12 
2.39131e+12 
2.24292e+12 
7.95495e+12 
6.42912e+12 
4.18246e+12 
5.59541e+12 
6.04639e+12 
3.00519e+12 
7.5915e+12 
4.1561e+12 
6.79918e+12 
7.66297e+12 
5.97162e+12 
5.54385e+12 
3.142e+12 
7.32024e+12 
5.86763e+12 
4.80047e+12 
1.89422e+12 
6.77439e+12 
2.18352e+12 
2.45393e+12 
1.19984e+12 
8.72451e+12 
3.13645e+12 
3.00124e+12 
3.67305e+12 
7.03474e+12 
2.10808e+12 
4.60602e+12 
9.36458e+12 
7.64349e+12 
5.25678e+12 
4.40081e+12 
9.24744e+12 
1.00091e+12 
5.50594e+12 
5.80006e+12 
9.48306e+12 
8.8366e+12 
5.7748e+12 
5.52958e+12 
2.64692e+12 
7.65713e+12 
7.87535e+12 
1.0396e+12 
6.91077e+12 
5.6677e+12 
3.44879e+12 
3.02076e+12 
6.10543e+12 
6.87326e+12 
7.10691e+12 
6.66453e+12 
7.36394e+12 
4.17292e+12 
3.33157e+12 
8.06296e+12 
4.22461e+12 
6.13797e+12 
5.2274e+12 
9.48282e+12 
2.84411e+12 
7.84578e+12 
4.96041e+12 
3.21716e+12 
9.71775e+12 
1.06645e+12 
5.69724e+12 
8.66676e+12 
6.58262e+12 
6.70419e+12 
1.41191e+12 
1.41684e+12 
4.43596e+12 
9.07283e+12 
1.72723e+12 
7.57322e+12 
1.42756e+12 
5.23306e+12 
3.35889e+12 
1.63033e+12 
8.03308e+12 
1.47164e+12 
2.99231e+12 
6.97808e+12 
5.48063e+12 
1.68172e+12 
4.59577e+12 
5.42788e+12 
6.18357e+12 
5.25978e+12 
5.52157e+12 
3.69271e+12 
1.90991e+12 
4.26847e+12 
8.01043e+12 
4.63496e+12 
2.4957e+12 
2.22475e+12 
8.49295e+12 
8.53942e+12 
1.73251e+12 
8.66056e+12 
5.24383e+12 
6.2768e+12 
1.13543e+12 
4.98326e+12 
4.21942e+12 
7.63664e+12 
5.17407e+12 
7.66214e+12 
1.81491e+12 
1.89895e+12 
6.69315e+12 
1.67763e+12 
9.67249e+12 
9.11976e+12 
5.49605e+12 
1.61949e+12 
2.93605e+12 
9.2848e+12 
8.52306e+12 
3.04545e+12 
7.43195e+11 
1.85034e+12 
3.93188e+12 
6.22251e+12 
3.59768e+12 
1.85013e+12 
7.52077e+12 
4.14665e+12 
7.1287e+12 
3.19442e+12 
7.15831e+12 
8.84359e+12 
4.68586e+12 
9.70688e+12 
5.22103e+12 
5.3525e+12 
9.66554e+12 
2.65215e+12 
4.00724e+12 
9.2652e+12 
4.74251e+12 
7.05475e+12 
9.56147e+12 
5.18812e+12 
9.26059e+12 
5.78948e+12 
9.24306e+12 
7.90657e+11 
9.32573e+12 
8.88005e+12 
1.19282e+12 
5.0308e+12 
2.82125e+12 
1.1423e+12 
5.01873e+12 
7.85613e+12 
7.81103e+12 
1.99959e+12 
2.06571e+12 
2.37011e+12 
3.08697e+12 
9.37062e+12 
5.32471e+12 
7.2208e+12 
7.71072e+12 
9.41205e+12 
8.05303e+12 
6.01783e+12 
2.01116e+12 
9.60382e+12 
6.42335e+12 
5.48526e+12 
8.67997e+12 
4.45966e+12 
8.90166e+12 
7.90133e+12 
1.03962e+12 
1.66798e+12 
7.16915e+12 
1.9331e+12 
8.86087e+12 
4.34617e+12 
9.61896e+12 
3.81552e+12 
9.41712e+11 
5.58918e+12 
7.52771e+12 
9.56995e+12 
7.48896e+12 
8.89549e+12 
1.86474e+12 
2.55291e+12 
5.35365e+12 
4.79755e+12 
7.15064e+12 
9.25222e+12 
5.86472e+12 
5.11163e+12 
5.90464e+12 
4.57345e+12 
9.23132e+12 
7.26165e+12 
9.37784e+12 
3.92661e+12 
2.40803e+12 
4.38085e+12 
1.95644e+12 
7.51241e+12 
8.36147e+11 
5.34593e+12 
3.27297e+12 
5.30925e+12 
4.16314e+12 
4.10931e+12 
1.49651e+12 
1.89205e+12 
1.44246e+12 
1.33633e+12 
3.14021e+12 
2.48713e+12 
1.4223e+12 
4.00161e+12 
1.27168e+12 
5.70263e+12 
6.75172e+12 
1.61807e+12 
6.40308e+12 
3.08157e+12 
7.80649e+12 
5.2044e+12 
1.00903e+12 
2.7625e+12 
8.42965e+11 
5.02588e+12 
8.10465e+12 
9.33076e+12 
4.02726e+12 
4.94662e+12 
7.12156e+12 
2.74435e+12 
8.45657e+12 
1.69492e+12 
2.39209e+12 
7.01041e+12 
1.64441e+12 
7.09738e+12 
7.13818e+12 
6.38558e+12 
3.42198e+12 
5.76778e+12 
5.72739e+12 
1.54305e+12 
3.71511e+12 
9.99761e+11 
9.26496e+12 
8.88466e+12 
7.79222e+12 
9.19772e+12 
1.16268e+12 
6.13076e+12 
5.05035e+12 
1.59203e+12 
4.20489e+12 
9.77481e+11 
8.33079e+12 
6.76586e+12 
7.93204e+12 
2.16386e+12 
2.47791e+12 
2.6852e+12 
9.07561e+12 
2.69319e+12 
4.37313e+12 
3.55002e+12 
1.46755e+12 
4.04017e+12 
4.8101e+12 
1.74537e+12 
5.82546e+12 
4.9089e+12 
4.77218e+12 
3.86023e+12 
3.09651e+12 
6.80853e+12 
1.88828e+12 
4.05913e+12 
1.33807e+12 
3.45156e+12 
1.86186e+12 
7.44931e+12 
8.01606e+12 
9.23721e+12 
9.75267e+11 
3.74181e+12 
1.29318e+12 
6.73084e+12 
7.8811e+12 
8.08577e+12 
3.23437e+12 
4.9119e+12 
7.88973e+12 
2.69738e+12 
6.99806e+12 
3.21408e+12 
6.91204e+12 
6.45119e+12 
7.41617e+12 
1.67615e+12 
8.15507e+12 
6.07185e+12 
5.59987e+12 
4.0665e+12 
7.71211e+12 
4.84051e+12 
7.89346e+12 
9.02309e+12 
7.52365e+12 
3.79396e+12 
3.46924e+12 
1.12171e+12 
2.2291e+12 
7.53616e+12 
3.19891e+12 
2.42305e+12 
2.48494e+12 
5.09571e+12 
8.30465e+12 
5.18114e+12 
4.57149e+12 
8.51528e+12 
4.09663e+12 
6.71149e+12 
6.53602e+12 
3.3154e+12 
8.45132e+12 
4.33781e+12 
5.98483e+12 
9.61413e+12 
1.18163e+12 
5.28384e+12 
7.04201e+12 
1.34356e+12 
8.75774e+12 
3.29204e+12 
5.08938e+12 
6.96098e+12 
1.04127e+12 
1.85011e+12 
5.78281e+12 
3.11826e+12 
1.91941e+12 
5.45437e+12 
2.74057e+12 
8.50405e+12 
5.51194e+12 
9.1043e+12 
5.04589e+12 
7.47127e+12 
1.32633e+12 
6.98081e+12 
1.97722e+12 
1.82701e+12 
7.00199e+12 
2.7373e+12 
3.13121e+12 
4.65856e+12 
5.90703e+12 
7.45602e+12 
8.5594e+12 
3.51371e+12 
7.52852e+11 
2.40866e+12 
2.63809e+12 
9.61821e+12 
7.67993e+12 
9.3507e+12 
2.64466e+12 
3.0111e+12 
9.59893e+12 
3.13219e+12 
8.66583e+12 
9.0352e+12 
3.89896e+12 
3.87544e+12 
8.18322e+12 
4.63461e+12 
5.03096e+12 
1.78631e+12 
7.15245e+12 
5.43933e+12 
4.24163e+12 
3.08593e+12 
5.72398e+12 
3.68311e+12 
9.33775e+12 
3.23002e+12 
5.44143e+12 
9.49258e+12 
6.09515e+12 
9.62601e+12 
2.21223e+12 
6.78779e+12 
1.076e+12 
4.06312e+12 
5.75179e+12 
7.39306e+12 
6.47075e+12 
9.21388e+12 
5.76498e+12 
4.55276e+12 
7.03496e+12 
6.18414e+12 
8.15677e+12 
4.27058e+12 
3.98129e+12 
5.77222e+12 
3.92076e+12 
5.71102e+12 
1.60806e+12 
9.51732e+12 
1.30449e+12 
5.24496e+12 
4.34441e+12 
3.47391e+12 
5.12471e+12 
6.35884e+12 
9.45919e+12 
9.22182e+12 
6.83173e+12 
1.06186e+12 
9.12778e+12 
5.92141e+12 
3.21872e+12 
8.44066e+12 
7.05306e+12 
6.46948e+12 
9.09243e+12 
6.2001e+12 
8.58186e+12 
9.53114e+12 
8.68439e+12 
5.39077e+12 
1.58554e+12 
1.838e+12 
4.8202e+12 
9.34468e+12 
5.1972e+12 
4.12628e+12 
1.40332e+12 
7.06926e+12 
5.48566e+12 
1.24472e+12 
1.80661e+12 
2.88455e+12 
3.56188e+12 
2.03909e+12 
6.49233e+12 
5.92782e+12 
6.82318e+12 
9.50222e+12 
9.61964e+12 
7.60659e+12 
9.37634e+12 
8.09762e+12 
5.7534e+12 
7.10315e+12 
7.10602e+12 
2.57614e+12 
5.76756e+12 
1.70175e+12 
8.23001e+12 
9.03357e+12 
8.05831e+12 
6.59694e+12 
8.15859e+12 
1.22801e+12 
5.84447e+12 
5.19162e+12 
4.16108e+12 
2.32094e+12 
7.67128e+12 
4.7025e+12 
3.61767e+12 
3.05047e+12 
4.66646e+12 
2.56261e+12 
6.07679e+12 
8.90067e+12 
2.29598e+12 
4.78602e+12 
7.942e+12 
4.9291e+12 
8.00349e+12 
7.8253e+12 
8.59454e+12 
5.32869e+12 
8.94455e+12 
2.2936e+12 
8.18092e+12 
3.2685e+12 
7.46011e+12 
9.65814e+12 
7.98644e+12 
8.39143e+12 
5.23609e+12 
6.47039e+12 
6.74736e+12 
3.55723e+12 
3.69164e+12 
8.06896e+12 
2.9588e+12 
8.36424e+12 
7.45994e+12 
1.37876e+12 
5.35767e+12 
7.84269e+12 
6.64117e+12 
7.97027e+12 
6.94381e+12 
8.54316e+12 
8.59072e+12 
3.23435e+12 
8.32154e+12 
8.24893e+12 
7.43789e+12 
6.60137e+12 
6.16132e+12 
6.2049e+12 
1.56569e+12 
9.06601e+12 
6.50669e+12 
7.54797e+12 
1.73715e+12 
9.45306e+12 
7.26581e+12 
8.94358e+12 
6.36225e+12 
7.07569e+12 
2.15836e+12 
5.31788e+12 
8.94973e+12 
6.01634e+12 
6.44278e+12 
7.34808e+12 
2.6218e+12 
3.36736e+12 
8.524e+12 
8.47051e+12 
4.65376e+12 
6.58478e+12 
3.56654e+12 
4.97503e+12 
6.50849e+12 
8.33778e+12 
4.57375e+12 
5.32624e+12 
2.57467e+12 
2.79991e+12 
3.25232e+12 
5.40823e+12 
3.9709e+12 
6.9075e+12 
7.90284e+12 
8.24312e+12 
6.75467e+12 
3.06881e+12 
4.34064e+12 
4.90899e+12 
7.09987e+12 
8.06993e+12 
6.83606e+12 
5.45652e+12 
2.51288e+12 
1.21474e+12 
6.68271e+12 
9.69865e+12 
8.13793e+12 
8.87864e+12 
9.493e+12 
3.49595e+12 
7.89263e+12 
9.09979e+12 
1.80389e+12 
3.56785e+12 
6.64359e+12 
9.41604e+12 
5.98351e+12 
5.2547e+12 
9.05634e+12 
8.45241e+12 
8.46244e+11 
8.27579e+12 
5.43598e+12 
9.37205e+12 
8.08846e+12 
6.41816e+12 
7.74925e+12 
6.60635e+12 
9.70742e+11 
4.23903e+12 
2.05421e+12 
6.99961e+12 
9.62126e+12 
8.72464e+12 
7.75452e+12 
4.51933e+12 
7.45955e+12 
7.36703e+11 
5.68248e+12 
4.47725e+12 
5.67561e+12 
9.57964e+12 
1.68713e+12 
7.50193e+12 
7.28542e+12 
7.84902e+12 
5.67687e+12 
5.9637e+12 
5.49991e+12 
8.97476e+12 
6.608e+12 
8.11177e+12 
5.73791e+12 
9.59163e+12 
3.04417e+12 
3.35845e+12 
2.81088e+12 
4.29143e+12 
8.27849e+12 
3.07923e+12 
3.43489e+12 
9.15102e+12 
2.77492e+12 
4.91537e+12 
3.57613e+12 
5.32431e+12 
6.41217e+12 
7.23637e+12 
8.90739e+12 
5.71005e+12 
1.96391e+12 
7.52956e+12 
3.84113e+12 
1.15696e+12 
1.86343e+12 
4.86246e+12 
1.00686e+12 
8.33289e+12 
2.51882e+12 
6.4605e+12 
8.39094e+12 
4.4742e+12 
8.43305e+12 
3.54143e+12 
8.77895e+12 
8.64084e+12 
4.8258e+12 
6.66271e+12 
7.59825e+12 
6.05995e+12 
3.2257e+12 
6.6003e+12 
6.30501e+12 
3.73452e+12 
7.45213e+12 
9.3546e+12 
9.91779e+11 
6.03365e+12 
3.89965e+12 
6.46487e+12 
8.14339e+12 
6.55486e+12 
8.79408e+12 
9.01458e+12 
9.72957e+12 
6.73781e+12 
3.35618e+12 
9.44381e+12 
5.69293e+12 
2.29369e+12 
7.89049e+11 
8.90403e+12 
3.65456e+12 
7.18838e+12 
1.01485e+12 
7.85466e+12 
3.36675e+12 
2.73636e+12 
8.23004e+12 
4.35161e+12 
2.76833e+12 
6.99838e+12 
2.85331e+12 
4.37777e+12 
9.28413e+12 
2.25416e+12 
3.87604e+12 
4.85961e+12 
8.98122e+12 
3.47445e+12 
6.472e+12 
6.90783e+12 
1.36158e+12 
1.29059e+12 
6.78653e+12 
3.59604e+12 
5.49483e+12 
3.56789e+12 
1.62444e+12 
7.30842e+12 
1.1714e+12 
6.63869e+12 
5.84216e+12 
8.08489e+12 
4.88551e+12 
2.16758e+12 
4.13977e+12 
2.89122e+12 
6.98766e+12 
8.96555e+12 
3.9809e+12 
6.65959e+12 
2.63725e+12 
2.37455e+12 
8.44413e+12 
3.17039e+12 
8.78584e+12 
9.13835e+12 
5.9278e+12 
3.23395e+12 
5.7383e+12 
8.38791e+12 
5.55907e+12 
3.94455e+12 
8.31652e+12 
7.87875e+12 
2.1185e+12 
4.48686e+12 
1.3023e+12 
5.01792e+12 
3.91779e+12 
8.65848e+12 
3.21436e+12 
9.82925e+11 
3.76999e+12 
9.10547e+12 
2.7647e+12 
4.7546e+12 
4.73244e+12 
8.80544e+12 
2.9962e+12 
3.49338e+12 
1.9105e+12 
3.1147e+12 
1.4977e+12 
5.77754e+12 
6.66628e+12 
9.08451e+12 
3.82215e+12 
5.8801e+12 
8.00997e+12 
5.32911e+12 
9.52447e+12 
7.08229e+12 
1.89364e+12 
9.6646e+12 
3.48403e+12 
3.15334e+12 
5.77446e+12 
7.75645e+12 
5.78367e+12 
6.05908e+12 
3.32554e+12 
6.52089e+12 
8.98988e+12 
5.0288e+12 
3.38746e+12 
2.33162e+12 
4.01397e+12 
5.75604e+12 
2.22528e+12 
9.19312e+12 
4.68702e+12 
9.40606e+12 
2.21599e+12 
7.97931e+12 
3.51785e+12 
2.89401e+12 
2.65752e+12 
3.49709e+12 
7.58068e+12 
8.30814e+12 
3.5677e+12 
6.26542e+12 
6.64409e+12 
1.31452e+12 
5.03458e+12 
2.658e+12 
2.85779e+12 
4.77201e+12 
1.04173e+12 
6.87127e+12 
4.21108e+12 
4.89744e+12 
7.97781e+12 
6.22006e+12 
2.94195e+12 
7.80469e+11 
9.59856e+12 
8.81053e+12 
4.43366e+12 
4.95893e+12 
8.09163e+12 
1.41848e+12 
9.43575e+12 
2.40999e+12 
6.66977e+12 
9.19725e+12 
8.48044e+12 
6.68749e+12 
4.66746e+12 
5.75564e+12 
3.11231e+12 
4.02025e+12 
5.61393e+12 
2.32443e+12 
8.29435e+12 
4.32257e+12 
4.68768e+12 
5.50292e+12 
6.94629e+12 
4.32903e+12 
2.2584e+12 
5.20533e+12 
3.99807e+12 
8.15747e+12 
2.1662e+12 
5.40805e+12 
5.7425e+12 
8.12068e+12 
7.76987e+12 
5.72675e+12 
3.98152e+12 
8.15189e+12 
7.22698e+12 
3.18967e+12 
5.93992e+12 
5.40188e+12 
3.68818e+12 
4.49404e+12 
7.62768e+12 
3.1802e+12 
6.23829e+12 
1.53099e+12 
6.02332e+12 
5.85241e+12 
5.17899e+12 
2.0583e+12 
5.82899e+12 
5.22604e+12 
8.14594e+12 
8.74713e+11 
6.50104e+12 
1.14138e+12 
7.93225e+12 
3.85373e+12 
4.64627e+12 
2.04584e+12 
3.72985e+12 
7.53512e+12 
6.71775e+12 
2.80187e+12 
9.12444e+12 
9.03269e+12 
6.22332e+12 
9.3787e+12 
2.80088e+12 
7.19718e+12 
2.8382e+12 
9.23544e+12 
7.72344e+12 
3.9335e+12 
2.6314e+12 
2.33582e+12 
4.14891e+12 
5.50552e+12 
7.28088e+12 
7.35656e+11 
3.5523e+12 
2.5345e+12 
7.94554e+11 
2.1088e+12 
7.94297e+12 
3.70098e+12 
4.21778e+12 
5.06272e+12 
3.24214e+12 
1.04692e+12 
6.78295e+12 
8.1333e+12 
3.42127e+12 
2.85125e+12 
4.43166e+12 
1.45214e+12 
5.84257e+12 
6.52181e+12 
7.25153e+12 
4.93425e+12 
7.08266e+12 
2.64029e+12 
8.12585e+12 
9.45444e+12 
1.8455e+12 
6.57578e+12 
4.84375e+12 
1.52133e+12 
7.63274e+12 
7.67205e+12 
9.33323e+12 
1.45341e+12 
1.64934e+12 
1.9691e+12 
7.37708e+12 
5.3902e+12 
3.4619e+12 
4.07413e+12 
5.27583e+12 
2.98567e+12 
2.43349e+12 
2.28682e+12 
5.5703e+12 
6.23858e+12 
4.85865e+12 
7.76323e+12 
8.53031e+12 
6.58228e+12 
3.58878e+12 
9.22647e+12 
7.05224e+12 
3.48249e+12 
8.83354e+12 
1.58373e+12 
3.05913e+12 
8.65992e+12 
4.03468e+12 
5.79013e+12 
8.82512e+12 
4.65028e+12 
4.88584e+12 
2.90369e+12 
8.31146e+12 
1.19187e+12 
7.26424e+12 
1.77425e+12 
5.2151e+12 
3.66276e+12 
2.99528e+12 
3.04384e+12 
7.81191e+12 
7.70545e+12 
8.86465e+12 
4.39386e+12 
7.03266e+12 
5.56872e+12 
2.11795e+12 
8.07372e+12 
7.53856e+12 
1.60193e+12 
1.03155e+12 
3.01617e+12 
6.28716e+12 
1.35823e+12 
3.11998e+12 
6.34798e+12 
3.61693e+12 
1.86433e+12 
3.85585e+12 
8.0458e+12 
7.11481e+12 
3.09827e+12 
5.60973e+12 
3.50481e+12 
8.68958e+12 
2.91227e+12 
9.75044e+12 
1.37478e+12 
1.4112e+12 
7.1116e+12 
3.0851e+12 
1.26633e+12 
1.4696e+12 
2.68225e+12 
1.49081e+12 
4.94583e+12 
8.41807e+12 
7.09438e+12 
5.51227e+12 
9.19856e+12 
3.9687e+12 
7.08067e+12 
1.60677e+12 
7.05595e+12 
1.16001e+12 
6.8099e+12 
6.17786e+12 
6.31698e+12 
4.94099e+12 
1.15784e+12 
1.68087e+12 
8.10152e+12 
5.37949e+12 
9.21294e+12 
8.0685e+12 
3.09306e+12 
8.97819e+12 
5.80877e+12 
5.4266e+12 
9.56487e+12 
1.90274e+12 
1.29984e+12 
9.73831e+12 
4.17368e+12 
4.78755e+12 
9.58405e+12 
5.47801e+12 
2.13322e+12 
8.47684e+12 
4.81898e+12 
9.67532e+12 
1.44292e+12 
6.62589e+12 
6.0663e+12 
4.31316e+12 
7.82625e+12 
6.63322e+12 
1.36181e+12 
4.6876e+12 
8.17015e+12 
4.21021e+12 
1.26758e+12 
9.13403e+12 
1.5196e+12 
4.52015e+12 
5.71379e+12 
7.18342e+12 
5.80293e+12 
6.4681e+12 
4.18555e+12 
5.20999e+12 
5.9563e+12 
6.81455e+12 
2.02117e+12 
8.09289e+12 
4.44205e+12 
2.4631e+12 
2.77457e+12 
6.04814e+12 
6.77152e+12 
9.93754e+11 
2.25785e+12 
1.34953e+12 
8.082e+11 
2.32229e+12 
4.12543e+12 
7.44114e+12 
7.89795e+12 
8.64029e+12 
4.82492e+12 
3.16586e+12 
2.59051e+12 
7.471e+12 
4.47812e+12 
8.64163e+12 
8.51979e+12 
8.56501e+12 
7.45818e+12 
7.67611e+12 
9.53406e+12 
1.52077e+12 
2.33364e+12 
9.33633e+12 
3.78867e+12 
2.87003e+12 
6.79429e+12 
1.51446e+12 
8.58856e+12 
3.87336e+12 
6.69878e+12 
1.98584e+12 
9.50961e+12 
4.28064e+12 
8.5622e+12 
8.98765e+12 
4.42717e+12 
7.50142e+12 
4.93481e+12 
4.39459e+12 
1.2606e+12 
3.31404e+12 
7.49331e+12 
3.94212e+12 
3.62534e+12 
5.2484e+12 
2.86764e+12 
9.51889e+12 
7.79001e+12 
8.73914e+12 
8.58913e+12 
2.22912e+12 
4.91959e+12 
9.0087e+12 
3.44955e+12 
7.88681e+12 
2.00079e+12 
1.78131e+12 
1.26213e+12 
5.8084e+12 
2.3479e+12 
1.99463e+12 
4.7409e+12 
6.19518e+12 
7.29414e+12 
8.36643e+12 
5.74311e+12 
7.58138e+12 
3.00325e+12 
8.01865e+12 
4.71313e+12 
2.71042e+12 
3.64476e+12 
5.82706e+12 
2.22993e+12 
3.32979e+12 
6.28337e+12 
2.66351e+12 
7.40888e+12 
1.19701e+12 
9.14087e+12 
5.8009e+12 
3.41881e+12 
4.95979e+12 
3.20719e+12 
3.9505e+12 
6.03364e+12 
1.84647e+12 
6.21911e+12 
9.5724e+11 
3.67229e+12 
1.15091e+12 
2.24022e+12 
1.34725e+12 
5.83159e+12 
2.81502e+12 
7.19885e+12 
1.02681e+12 
2.8399e+12 
2.4208e+12 
8.39552e+11 
4.7664e+12 
1.23748e+12 
3.00505e+12 
7.44592e+12 
5.31872e+12 
2.91083e+12 
1.03627e+12 
1.78086e+12 
1.13019e+12 
4.00003e+12 
4.84507e+12 
7.4507e+12 
7.07056e+12 
3.78551e+12 
6.21828e+12 
2.53665e+12 
6.20589e+12 
3.87815e+12 
5.874e+12 
1.36618e+12 
8.07058e+12 
8.47836e+12 
6.71203e+12 
7.86558e+11 
9.65484e+12 
5.2317e+12 
8.27854e+12 
7.72895e+12 
6.78448e+12 
2.7496e+12 
8.02126e+12 
1.80217e+12 
3.42231e+12 
2.57442e+12 
8.87065e+11 
5.64567e+12 
6.78183e+12 
2.11207e+12 
3.05722e+12 
7.66094e+12 
1.48582e+12 
6.59732e+12 
1.94552e+12 
1.69436e+12 
3.78038e+12 
9.4176e+12 
8.76665e+12 
9.01171e+12 
8.25238e+12 
7.18682e+12 
3.49504e+12 
3.37371e+12 
1.81507e+12 
9.61425e+12 
9.11806e+12 
4.62579e+12 
6.4486e+12 
8.83146e+12 
1.72352e+12 
7.75146e+12 
6.75646e+12 
5.40474e+12 
3.06493e+12 
5.66389e+12 
6.84638e+12 
5.87786e+12 
3.6015e+12 
7.02461e+12 
1.60582e+12 
1.87818e+12 
9.47005e+12 
4.20033e+12 
7.74096e+12 
6.45104e+12 
8.14529e+12 
3.33274e+12 
5.4268e+12 
5.42178e+12 
9.38283e+12 
4.34199e+12 
1.7993e+12 
6.93661e+12 
6.72331e+12 
8.03092e+12 
4.03876e+12 
1.65058e+12 
7.19885e+12 
4.23998e+12 
4.3157e+12 
8.66789e+12 
2.74454e+12 
4.3857e+12 
9.45249e+12 
4.41087e+12 
8.71475e+12 
2.60894e+12 
2.17125e+12 
7.52568e+12 
4.46113e+12 
2.83452e+12 
2.65067e+12 
3.51738e+12 
5.82453e+12 
1.26996e+12 
4.85714e+12 
8.54749e+12 
2.15114e+12 
3.41065e+12 
2.17961e+12 
9.12244e+12 
5.17551e+12 
7.86051e+12 
2.21855e+12 
9.12461e+11 
8.85779e+12 
2.18491e+12 
4.32921e+12 
5.12176e+12 
3.1398e+12 
7.20848e+12 
6.03194e+12 
4.37209e+12 
9.18975e+12 
8.98602e+11 
3.94974e+12 
5.50031e+12 
4.19802e+12 
5.67739e+12 
8.7567e+12 
7.29878e+12 
8.11959e+12 
6.11929e+12 
3.78077e+12 
8.44851e+12 
8.2169e+12 
7.87917e+12 
4.53122e+12 
1.18034e+12 
3.7046e+12 
8.85483e+12 
8.65311e+12 
2.36739e+12 
5.92601e+12 
5.55264e+12 
3.56549e+12 
3.41596e+12 
4.57335e+12 
6.9049e+12 
5.45578e+12 
8.42856e+12 
5.40287e+12 
2.74452e+12 
8.00883e+12 
2.69815e+12 
5.23041e+12 
7.40261e+12 
4.24704e+12 
5.13158e+12 
8.29438e+12 
9.43831e+12 
7.18129e+12 
4.20733e+12 
5.68693e+12 
9.53255e+12 
1.74711e+12 
6.24802e+12 
8.37007e+12 
7.68182e+12 
8.72661e+12 
6.88133e+12 
3.88819e+12 
2.87271e+12 
8.06864e+12 
8.47558e+12 
3.48887e+12 
9.34353e+12 
8.29419e+12 
3.86962e+12 
8.57005e+12 
4.48051e+12 
8.37659e+12 
2.22396e+12 
7.70283e+12 
8.92753e+12 
6.31898e+12 
6.36492e+12 
7.16325e+12 
1.81455e+12 
6.98231e+12 
2.79429e+12 
3.94201e+12 
4.0158e+12 
3.83652e+12 
7.2667e+12 
2.16043e+12 
3.2398e+12 
7.16988e+12 
4.24331e+12 
4.62066e+12 
8.11789e+12 
4.61447e+12 
7.84494e+12 
1.70586e+12 
5.75652e+12 
8.01148e+12 
5.85585e+12 
4.28803e+12 
9.17227e+12 
6.21788e+12 
1.11423e+12 
9.42972e+11 
8.29214e+12 
5.56167e+12 
6.99311e+12 
1.11082e+12 
6.98683e+12 
5.34649e+12 
8.11016e+11 
2.82939e+12 
4.48125e+12 
7.33244e+12 
9.69035e+12 
7.14098e+12 
6.69464e+12 
2.06824e+12 
5.9911e+12 
4.38779e+12 
8.53754e+12 
1.14924e+12 
6.73563e+12 
4.97582e+12 
6.42631e+12 
7.90454e+12 
2.56538e+12 
3.97596e+12 
5.4013e+12 
2.68979e+12 
5.92691e+12 
4.43519e+12 
3.5419e+12 
4.93689e+12 
5.12431e+12 
3.01348e+12 
7.75044e+12 
6.43419e+12 
4.86507e+12 
9.65496e+12 
7.32614e+12 
6.03733e+12 
6.2568e+12 
3.09466e+12 
3.35227e+12 
7.37985e+12 
4.32742e+12 
1.42856e+12 
2.69178e+12 
4.89259e+12 
6.18908e+12 
8.74313e+12 
7.77473e+12 
2.26992e+12 
2.25448e+12 
4.98602e+12 
8.18069e+12 
1.92372e+12 
2.70336e+12 
7.60323e+12 
4.76896e+12 
2.02138e+12 
7.81989e+12 
7.976e+12 
7.57521e+12 
5.65657e+12 
8.82822e+12 
1.95168e+12 
8.74345e+12 
8.39323e+12 
4.23764e+12 
4.13199e+12 
1.23857e+12 
9.20224e+12 
2.3996e+12 
5.14981e+12 
5.33542e+12 
9.71678e+11 
6.84032e+12 
8.06344e+11 
7.37843e+12 
2.26746e+12 
3.17877e+12 
1.53305e+12 
5.19516e+12 
5.76665e+12 
4.42691e+12 
4.05449e+12 
9.04495e+12 
7.66375e+12 
3.7795e+12 
1.54416e+12 
8.47224e+12 
2.25564e+12 
1.7411e+12 
2.19657e+12 
2.87761e+12 
5.7949e+12 
6.78642e+12 
1.11974e+12 
4.99786e+12 
1.60095e+12 
4.4466e+12 
9.2761e+12 
6.94358e+12 
8.74804e+12 
3.24842e+12 
5.62137e+12 
2.79364e+12 
7.12314e+12 
7.08828e+12 
3.93693e+12 
1.55179e+12 
5.23325e+12 
8.7515e+12 
4.03895e+12 
6.03835e+12 
8.40438e+12 
5.0296e+12 
4.57927e+12 
9.5624e+12 
1.06473e+12 
5.49476e+12 
4.41638e+12 
8.6191e+12 
9.23163e+12 
1.6328e+12 
8.14922e+11 
3.25823e+12 
2.45803e+12 
4.08056e+12 
6.12859e+12 
6.48852e+12 
6.93014e+12 
1.77301e+12 
8.31487e+12 
1.87185e+12 
1.34961e+12 
9.2001e+12 
8.43814e+12 
3.80516e+12 
1.08863e+12 
7.25655e+12 
7.33471e+12 
1.85117e+12 
6.17699e+12 
6.06113e+12 
9.08833e+12 
3.61335e+12 
7.17972e+12 
7.63781e+12 
3.32389e+12 
8.27019e+11 
5.67222e+12 
8.68325e+12 
5.98093e+12 
5.27222e+12 
6.17406e+12 
9.36864e+12 
3.80521e+12 
9.76776e+12 
1.19571e+12 
6.62025e+12 
6.30272e+12 
8.6483e+12 
4.54082e+12 
7.90067e+12 
5.68776e+12 
2.34577e+12 
1.04527e+12 
3.92694e+12 
7.40385e+12 
5.04002e+12 
9.06781e+11 
9.02214e+12 
1.6049e+12 
8.43482e+12 
8.94721e+12 
9.54637e+12 
8.32722e+12 
1.15465e+12 
7.00374e+12 
7.31117e+12 
9.47149e+12 
3.13471e+12 
5.17053e+12 
1.15317e+12 
9.70446e+12 
8.98037e+11 
7.093e+12 
5.91847e+12 
7.69132e+12 
9.72199e+11 
7.49902e+12 
4.56964e+12 
7.68783e+12 
4.47147e+12 
5.23858e+12 
3.7256e+12 
8.84373e+12 
8.47174e+12 
7.80195e+11 
2.65365e+12 
1.18326e+12 
9.75848e+12 
1.74464e+12 
5.42201e+12 
7.77288e+12 
6.14302e+12 
7.86913e+12 
2.19278e+12 
7.20503e+12 
5.70865e+12 
7.36579e+12 
4.52132e+12 
5.2506e+12 
5.60704e+12 
9.33201e+11 
7.55673e+12 
6.53899e+12 
2.53177e+12 
6.34422e+12 
2.02421e+12 
6.44147e+12 
3.40768e+12 
4.88615e+12 
6.99753e+12 
8.97584e+12 
5.59576e+12 
6.21879e+12 
9.24347e+12 
4.89316e+12 
4.61434e+12 
1.5928e+12 
7.00916e+12 
2.32903e+12 
4.26201e+12 
5.85721e+12 
1.03391e+12 
7.58224e+12 
2.59766e+12 
6.30319e+12 
4.15186e+12 
3.92324e+12 
9.13202e+11 
8.65853e+12 
5.69927e+12 
3.14549e+12 
8.54166e+12 
9.26541e+12 
6.43922e+12 
3.63607e+12 
8.47903e+12 
8.01946e+12 
5.14092e+12 
9.26023e+12 
3.23823e+12 
9.45622e+12 
3.12328e+12 
1.87265e+12 
9.73573e+12 
8.33325e+12 
8.92124e+12 
1.98834e+12 
4.03525e+12 
7.19469e+12 
2.26275e+12 
9.69331e+12 
8.00961e+12 
4.20174e+12 
3.39664e+12 
1.95835e+12 
7.73281e+12 
3.35026e+12 
1.60546e+12 
4.55489e+12 
9.64477e+11 
9.44398e+12 
5.58483e+12 
1.19147e+12 
8.78631e+12 
6.42182e+12 
1.43128e+12 
3.99599e+12 
5.48522e+12 
8.41478e+12 
4.93109e+12 
4.98858e+12 
4.17635e+12 
4.11852e+12 
8.23431e+12 
1.01049e+12 
5.66424e+12 
4.99626e+12 
7.13753e+12 
9.06365e+12 
4.73935e+12 
8.9458e+12 
4.50824e+12 
3.56777e+12 
8.4039e+12 
4.49261e+12 
1.90107e+12 
6.1939e+12 
9.66366e+12 
4.19254e+12 
8.18902e+12 
4.77981e+12 
2.22707e+12 
3.48515e+12 
7.47347e+12 
3.60572e+12 
1.92369e+12 
4.49768e+12 
3.52852e+12 
3.43338e+12 
2.54853e+12 
7.62049e+12 
2.98379e+12 
3.34616e+12 
8.58227e+12 
7.32605e+12 
5.48561e+12 
7.29458e+12 
4.13932e+12 
2.29886e+12 
2.92606e+12 
7.35474e+12 
6.30466e+12 
9.55732e+12 
7.58602e+12 
1.58901e+12 
5.29337e+12 
2.63271e+12 
7.24713e+12 
3.5515e+12 
4.58643e+12 
4.28724e+12 
3.76123e+12 
8.2592e+12 
3.09558e+12 
3.66547e+12 
2.4145e+12 
8.66971e+12 
6.74563e+12 
9.00032e+12 
7.58843e+12 
8.85845e+12 
5.70417e+12 
4.00063e+12 
9.40677e+12 
8.4546e+12 
6.47445e+12 
6.46205e+12 
3.88169e+12 
2.81116e+12 
4.46539e+12 
1.17845e+12 
7.10032e+12 
6.1615e+12 
1.92951e+12 
2.29782e+12 
6.95839e+12 
2.34494e+12 
2.53795e+12 
7.92502e+12 
5.78633e+12 
7.44448e+12 
8.91709e+12 
4.96738e+12 
8.41025e+12 
2.34195e+12 
7.11147e+12 
2.18052e+12 
8.68332e+12 
3.24565e+12 
5.49096e+12 
1.23187e+12 
3.03746e+12 
4.30716e+12 
4.3918e+12 
9.12434e+12 
1.77983e+12 
9.51617e+11 
4.76554e+12 
7.31347e+12 
4.35513e+12 
7.25523e+12 
3.74107e+12 
7.05638e+12 
3.0913e+12 
6.23305e+12 
4.50783e+12 
1.25101e+12 
2.14894e+12 
9.01667e+12 
4.27128e+12 
3.89616e+12 
4.54741e+12 
4.16159e+12 
8.10675e+12 
9.70503e+12 
9.77962e+11 
6.2486e+12 
7.18439e+12 
8.13522e+12 
2.54116e+12 
7.36142e+12 
6.28168e+12 
6.71958e+12 
2.81514e+12 
6.36004e+12 
5.56075e+12 
8.02945e+12 
2.04648e+12 
3.34564e+12 
6.57204e+12 
5.78748e+12 
9.59983e+12 
9.06055e+12 
5.68903e+12 
8.05303e+12 
4.59988e+12 
7.77855e+12 
5.39258e+12 
7.74576e+12 
6.18266e+12 
2.85465e+12 
6.57094e+12 
7.83477e+12 
4.57166e+12 
1.5037e+12 
1.88535e+12 
6.65897e+12 
4.89034e+12 
1.74008e+12 
3.19431e+12 
4.23533e+12 
1.83356e+12 
2.12514e+12 
1.40529e+12 
8.6158e+12 
5.37919e+12 
5.7932e+12 
3.06109e+12 
5.24759e+12 
5.52983e+12 
5.61992e+12 
5.04993e+12 
8.9269e+12 
2.56676e+12 
7.72062e+12 
2.53445e+12 
8.62896e+12 
6.9577e+12 
5.73887e+12 
7.22665e+12 
7.62306e+12 
3.5999e+12 
2.52449e+12 
3.23258e+12 
2.07171e+12 
7.26722e+12 
4.96702e+12 
4.27654e+12 
1.54107e+12 
8.01414e+12 
5.4539e+12 
8.04594e+11 
4.07883e+12 
3.37635e+12 
2.42399e+12 
3.49394e+12 
4.69614e+12 
1.85833e+12 
7.47016e+12 
5.50775e+12 
3.24762e+12 
6.98997e+12 
7.14163e+12 
7.96011e+12 
2.91922e+12 
9.53843e+12 
4.2179e+12 
2.30841e+12 
8.03345e+12 
8.55403e+12 
1.58292e+12 
2.36895e+12 
7.60363e+12 
1.27439e+12 
4.92452e+12 
6.00138e+12 
3.24395e+12 
7.09868e+12 
4.68259e+12 
7.04204e+12 
5.51139e+12 
2.8488e+12 
3.18981e+12 
7.22119e+12 
1.54771e+12 
3.93016e+12 
4.86346e+12 
3.24354e+12 
7.13205e+12 
2.81225e+12 
2.85537e+12 
1.73869e+12 
2.2273e+12 
7.25336e+12 
7.38036e+12 
3.39853e+12 
9.19764e+12 
1.46956e+12 
7.57461e+12 
7.65799e+12 
6.4557e+12 
4.57703e+12 
2.61459e+12 
6.61336e+12 
1.26119e+12 
7.25894e+12 
5.41924e+12 
7.20744e+12 
7.60765e+12 
8.37892e+12 
6.49784e+12 
7.54825e+12 
2.4654e+12 
4.62309e+12 
5.74692e+12 
