9.634861500618956132e-02
5.213235684609061060e-01
-1.996759500195652015e-01
-1.061525552825898222e+00
3.474027731010164155e-01
-4.626272205873489807e-02
1.104891287538587230e+00
4.891892339489099517e-01
-6.196677746978467294e-01
-7.840265985120197234e-01
1.025343663706904385e-01
-5.371507271052194943e-01
-4.595267018717968249e-02
-5.319803539521978930e-01
4.798390930250087116e-01
8.900663641201713716e-01
-3.021857037982820793e-01
6.120549889451831760e-02
-2.185875575531153470e-01
5.227660170110043358e-01
-1.324856071354123754e+00
-1.194833395653769337e+00
2.626391413015276011e-01
-5.540053127127425592e-01
3.790021738463502515e-02
-4.795463635368134026e-01
-9.963086937139481458e-01
-8.578768654473203359e-01
-1.031977709588938197e-01
-1.063280547225565309e+00
-9.226791960046668711e-03
-1.391787610664523278e+00
7.336858796148231221e-01
3.854233386782226489e-01
-8.350865674828934493e-01
-3.178657998411257291e-01
-5.057775801820384443e-01
5.428217627120304201e-01
-4.983638396340190346e-01
9.793175420359548911e-01
-6.440306856043859218e-01
3.092238299271956037e-01
1.421464469487255355e+00
7.827821493721329738e-01
-1.998822762081660029e-02
-6.742562256240599572e-01
-9.336781507897152776e-01
-1.858264196297106929e-01
4.172105242207292952e-01
8.656572284280289464e-01
-8.514663033669634951e-01
-4.767332600871382886e-01
5.422561964542232937e-01
-5.011660906057640620e-03
5.210893445000223251e-02
3.636318096623040730e-01
1.694973329381929794e+00
-4.503813416960139038e-01
1.114865730859537774e+00
-8.936000196834420484e-01
3.175440356593512425e-01
-3.046321159337994078e-01
-5.549896352159913171e-01
-9.353902851582247546e-01
1.232470987203980295e+00
-7.023549627281200358e-02
-4.949790409263979951e-01
-1.230379412986502968e-01
7.052202214307229378e-01
8.536408116743081642e-01
1.059967732212912184e+00
-3.037853655043178391e-01
-1.850610411043505932e-01
-1.321906096850400114e-01
-2.099736642368183748e-01
1.693462017001332032e-01
5.834829854115145542e-01
2.082698913494823723e-01
-5.815699244334913143e-01
-5.091317334470386868e-02
3.651341306896073169e-01
-1.072782426827979946e-01
-1.752584166068681115e-02
-1.341486534433890543e-01
-4.405193562693753284e-01
-1.768286942130905537e-01
8.862546688617244095e-02
1.025624962707458510e+00
3.230805286910614083e-01
-4.968253613177273653e-01
7.650803573868153462e-01
-6.013997904457608623e-01
-1.073792127021686582e+00
6.018629480410999516e-02
1.150180491172931585e-01
-1.802045303355451211e-01
-4.918621432207461591e-02
8.935289429378237003e-01
1.435671794709557532e-02
-1.705025685165713067e-01
-1.919705064967554831e-01
-3.455663410660557711e-01
1.133798456868859439e-01
-3.854115692845132279e-02
1.531685491502166041e+00
-8.350238207342943753e-01
-8.292283449014836716e-02
-5.138236628816873486e-01
-8.080274595085842892e-02
1.457589642337002445e-02
-2.792345522961712720e-02
-1.346160081072942605e+00
1.212830426653832144e-01
8.498006038582373023e-02
8.586342715924151492e-02
1.268530033938425339e-01
1.449611315774381293e+00
3.401935037150325969e-01
-7.874409934143197787e-02
-2.380396645756952256e-01
-4.938049046139688092e-01
-4.243992483696632512e-01
2.370527168044619659e-01
-2.215325313299384424e-01
-2.142331803616897568e-01
-3.748842672339904869e-01
1.135485122884152820e-01
-9.368324632741783509e-01
-2.794946522712306036e-01
-7.648607611921013349e-01
4.274038080417297825e-01
4.417512933676326359e-01
7.119741904278735767e-01
9.172794587709028058e-02
6.266018543380916794e-01
-1.366247522273383863e+00
-7.369569929617193482e-01
-2.455959660740213157e-02
6.747690484038785241e-01
5.545190392641271560e-01
-1.098838281976713516e+00
6.202128033904403814e-01
-2.319611690699246442e-01
-2.318223871552906046e-01
1.460829888253636577e+00
2.074799335127404110e-01
2.182380329906344618e-01
-5.615461685449196771e-01
3.141086944021106442e-01
-9.789960528488690361e-01
4.123642590228945304e-01
-1.170888586384149083e-01
-2.804667907474637026e-02
8.123263882151372517e-01
-3.778603133344177745e-01
6.318701054122802252e-02
-1.216812441835303429e-03
-2.830094253668095083e-01
-5.653848627335709143e-01
1.800479224660961053e-01
-7.553378330493175641e-01
-2.980400904276352403e-01
1.052070374279199250e+00
-4.551012791279462344e-01
5.121700810003858573e-01
-2.642922038383642147e-01
9.160778738656796816e-02
-6.935154688105148180e-02
-1.014026407129267060e+00
-4.898292037577117175e-01
5.863315558494190949e-01
9.591778456718340617e-01
6.888229345404230930e-01
9.739934346305499924e-01
4.116250690758958553e-01
3.492062131885252385e-01
-2.950864796305521787e-01
1.538860401756933028e-03
-2.011496088781797031e-01
-1.012600893251098672e-01
-6.174308684369980149e-01
-5.137778605752326699e-01
3.865703208049265927e-01
5.992687532203124778e-01
-1.991879563817937626e-01
-5.647130285356586343e-01
7.243179234635758190e-01
-8.753273780494557066e-01
8.436729376607680908e-02
-1.102619261751644375e+00
5.169450181145917034e-01
-1.029530406651807839e+00
3.104189444611133442e-01
-2.029031541722490020e-02
2.317133858993265072e+00
-7.014912622965987707e-03
-8.418558053701207244e-01
3.391269049771465371e-01
-1.714352383378053846e+00
1.070217172023962604e+00
-3.698615937722243285e-01
-2.412896975899967919e-02
-7.263870321113709005e-01
-7.413345517812794383e-02
-3.208272685726169526e-01
-5.927678787916428327e-01
-4.315483508941216351e-01
7.947671712233993213e-02
7.090108447711448436e-01
-6.219026282403745665e-01
-5.384405416139138589e-01
-3.798014542581302777e-01
4.877024054666095898e-01
4.611692879892674568e-02
1.262649042003018973e-01
3.670653083215262291e-01
-9.968098612242090040e-01
9.123200953904161414e-01
1.011770520773577209e+00
-9.022369165337648655e-02
2.705439961496156065e-01
-6.828814077490186207e-01
-2.778920416798398296e-01
1.276496386498813695e+00
-4.385671868158703690e-01
8.801946966423530583e-01
-1.025945156517651807e-01
3.558040981484804077e-01
7.879867737924740601e-01
6.541115798391806679e-01
7.613215925874989853e-01
4.914695178858458080e-02
-4.462675302347088313e-01
-1.209684389582100644e-01
9.354354111799879634e-01
-8.698616296312160490e-01
1.015282812041925636e-01
9.698792319496861436e-02
6.370976419873261021e-01
-5.118280400938655106e-01
7.367181053753209252e-02
-2.268571802484229682e-01
-4.068369606072024247e-01
6.297611147941777343e-01
2.520344412929835173e-02
-5.382050090428932565e-01
7.871393096882766116e-01
-9.139943701009980437e-01
-1.830445383709467244e-01
5.590745073628277106e-01
-7.751170982091309947e-02
2.630767448492967731e-01
-1.087905849535288683e+00
-6.553970831065412117e-01
2.944886828647310106e-01
7.718639304472959539e-01
-6.059886261101474769e-01
7.310396737646429610e-01
5.562304783623573945e-01
1.033860318774157294e+00
1.037719456782719263e+00
-3.719022679353490846e-01
-1.360406901638687938e+00
-9.534336591293186836e-02
1.412443480381030958e-01
6.999572626584601442e-01
1.119696747897950817e-01
-4.770392942242888124e-01
1.763316226488179789e-04
-6.877796159602200810e-02
9.243811350211281752e-01
-2.263525070037953127e-02
-7.136464536413745785e-01
7.809796330984382084e-01
-2.249008444552828279e-01
7.579322832369508323e-01
-2.619768593532111334e-01
5.943958476483057751e-01
2.409815671304575524e+00
-6.455951979658399731e-01
-2.614634297187316547e-01
-5.236102993279035701e-03
-2.616145807144433233e-01
-1.692506831387113886e-01
-2.927299271300663405e-02
-1.524471106078952864e-01
-5.237293976872100520e-01
-4.517763177255020302e-01
-1.039745471826290846e+00
2.377221403119641752e-01
-3.211499548260768888e-01
5.527741066570514283e-02
4.622864461421092308e-01
6.994759826455386464e-02
-2.264568167231493720e-02
1.366429352500386218e-01
-9.293662270697848893e-01
-2.192772945536715021e-02
9.191595947159720836e-01
-3.848215339252918366e-01
-1.642783006026390102e-01
3.759737753877638866e-01
5.234697130575393098e-01
6.020231725033437647e-02
-6.353918532949222042e-01
4.661617427104425837e-01
-2.504483671310219622e-02
2.658409823347114287e-01
3.076383389375382804e-01
-1.469731475983499236e-01
8.331227996196395313e-01
5.010099159398501145e-01
1.018028419578292931e+00
-2.894727300472665354e-01
5.938105685838336312e-01
2.732961189908133734e-02
1.474809661944949113e+00
-1.210368528806459842e+00
-1.474566061626122471e+00
3.423046341205451260e-01
1.018383273275807799e+00
3.572452717800244093e-01
-3.220699961658547994e-01
-3.754700985501374100e-01
7.171985281743908924e-01
-5.225788887881034350e-01
1.962379871400078968e-01
7.016696449051029218e-03
4.142207059990354011e-03
3.163105725161940440e-01
4.816245377525160132e-01
-3.128407723713399480e-01
4.800742344464009603e-01
-9.468358706250618040e-01
-5.298851802861312965e-01
5.899863634073098106e-01
-3.164208125026484741e-01
5.511528887273119404e-01
-8.438558262151006906e-01
2.462472961250964099e-01
1.208388563530167353e-01
-6.064590674787602442e-02
-9.298934377255884121e-01
3.827414511981954703e-01
1.353194750376189193e+00
7.022650675855456048e-02
-1.461003504173269928e-02
4.108458229603057649e-02
2.215000372293194908e-01
-1.339059763999756458e-01
1.189992384154445082e+00
-1.885338425959005304e-01
-2.744937983080667498e-01
-4.037512844149790947e-01
4.412519171548137664e-01
1.196406209759338091e-01
5.090015572984422088e-01
1.018596481266634601e+00
-3.183381341890555993e-01
1.327475550406078231e+00
4.578195784944497082e-01
-2.296699766166761525e-01
-1.013770458651877204e+00
-7.893983334371196259e-02
-6.804831343637478547e-01
7.985413666773935049e-01
-6.805242515905634004e-01
-2.490465901150372419e-01
-1.081993322673553859e+00
7.886336645458456029e-01
-5.632293235501923540e-02
4.831264464007894999e-01
-2.139909703599684743e-01
-2.526444004885098349e-01
7.107618296173904282e-01
-1.257365963183209034e-01
-1.002483175374303093e+00
5.265937383283251227e-01
-3.414735808856673160e-01
-6.480472243320252179e-01
2.593810075537968940e-01
-9.070917493814641963e-01
1.554334772248292529e-01
-3.119677163755448235e-01
-1.802462781881063014e+00
1.274496928632987414e-01
-7.981394843633736746e-01
-9.404843441010425353e-01
1.116158027194715796e+00
4.644327113992935407e-01
3.926459840785674893e-01
5.150675409440490515e-01
-7.432999442379298882e-01
-1.005411310960615118e-01
9.495463678459834314e-03
-4.955167601456401116e-01
-1.732534395006101458e-01
1.017483264972364188e+00
-4.710608237358037687e-01
-9.043354467377924255e-01
