6.841465918211537753e-04
-2.712605952376575592e-05
5.255789254244059043e-04
5.782778942105345913e-04
-9.792881314890956325e-05
4.087164410051137694e-04
8.312971749297559491e-04
7.385837451831102720e-05
3.618612962311033919e-04
2.571413798340537666e-05
8.133883117734025175e-05
4.906963506382117091e-04
1.683964941025921323e-05
7.039442456543984830e-04
-2.233458418636294983e-05
6.581152163245148571e-04
7.192583183069412066e-04
-1.017053011838413247e-04
6.657630398351995805e-04
1.610997644493543195e-04
4.483755610161271383e-05
2.774636598149052237e-04
6.081697647342500842e-04
4.198695369286433257e-04
7.610982366100206217e-04
1.910554630265508366e-04
-1.222636724195780040e-04
7.790482111451025541e-04
-5.186437639293574363e-05
8.029487276820014043e-04
2.715500103097239545e-04
5.812908943944502518e-04
6.853801230200673054e-04
8.288255089776018665e-04
8.161144641434468208e-04
-1.533852615651182748e-04
1.518270396021594915e-04
2.024816351612295352e-04
2.989286924072362102e-04
-9.109395507062394951e-05
4.896736047746592111e-04
6.737948702508897089e-04
2.133354543562059687e-04
2.292299515958951916e-04
6.186482887289824443e-05
-3.149774109027054970e-06
2.473724386567561443e-04
3.869445475228747090e-04
-1.514752243202795103e-04
-1.508844798328546840e-04
8.026682775865911709e-04
8.402774867246858427e-05
5.252888356826305744e-04
6.482889646685991358e-04
7.373612474281394632e-04
7.251942839177898548e-04
2.064783484865565714e-04
5.867694175090728929e-04
3.180407894818070881e-04
6.165311714252220228e-04
6.457920364129964377e-05
3.233176051477771522e-04
6.394977246184764888e-04
4.813104052776554409e-04
4.774757052496273791e-05
-7.876614390281992857e-05
6.236532240402751018e-04
7.337316788600592573e-04
5.260805675965556441e-04
4.106887580369821792e-04
-9.383941670552741832e-05
7.847481742881491683e-04
7.093851737667217000e-04
-1.850771345055892669e-05
4.694892769892014496e-04
8.320568545542441708e-04
5.587168496557541825e-04
4.334147103025169667e-04
1.490064641056608875e-04
1.868833098022534237e-04
8.273249493505728134e-04
1.383549967165556549e-04
3.642250277523815459e-05
-1.592398509970499392e-04
-7.793858920916398774e-05
5.359826411647962289e-04
2.292338559584120516e-04
3.450228330500216151e-05
-7.609734650606060668e-05
6.062793954933315931e-04
2.931095422142814306e-05
3.491308230174489644e-04
8.024380082105716985e-05
2.403506091482602563e-05
-3.323805290239423277e-05
3.511461563447737045e-04
7.279887779583936924e-05
1.737104173985573293e-04
8.871335396126928048e-06
4.501274097251521168e-04
5.996364034376877334e-04
3.829042539846578413e-04
7.509902239649580069e-04
-2.976568653851239773e-05
-1.669967502567139988e-04
6.135661320136625478e-04
1.135590517517592651e-04
5.082134324972700746e-04
7.166307423398541937e-04
2.565566011601595362e-04
2.804192541171641193e-04
8.301777032045317990e-04
6.337796837789164139e-04
6.924370982246420272e-04
5.267816513110003956e-04
8.004225290610355020e-04
-1.184335561982205465e-04
3.578601400941156625e-04
-1.680404243135395423e-04
1.279447145538866891e-04
3.359307406783395341e-05
4.506312626331474913e-04
4.832215489677216909e-05
6.612213041805121896e-04
3.428432990542029071e-04
-1.158984982010377097e-04
7.368121265677814212e-04
1.525671609901871827e-04
5.613523526012555815e-04
5.737642464621057602e-04
-1.154672437128364355e-04
8.213930432348538627e-04
7.226511438753245673e-04
7.817753356158883607e-06
6.373954248453343057e-05
4.291905379581340690e-04
3.498668796256145354e-04
2.798137850201061700e-04
5.078154718028447335e-04
6.443777028498538523e-04
6.222946463993360910e-04
1.217275178957155657e-04
5.393025112469880707e-04
4.038564716936458030e-04
-6.907692848886924566e-05
6.180977584351967681e-04
3.210858125859316812e-04
3.471980870440287826e-04
3.977504448003713858e-04
1.580279819138785582e-04
-1.250279611545799651e-04
7.183087126481583345e-04
4.667936596948929658e-04
6.968814872087554339e-04
-1.103846930254660943e-04
3.848099274115109850e-04
-3.957324056400996469e-05
7.955113452691798311e-04
4.366164960606139407e-04
3.707553111154122515e-04
2.225472690920300939e-04
6.877343168659957482e-04
3.545773563872770743e-04
-1.472147171139524249e-04
5.082516653557372314e-04
-2.427487559858170081e-06
-2.707812898428464213e-05
6.685280640598255256e-04
2.003942508281198704e-05
8.218423000123507198e-04
3.050647699970404853e-04
5.526234808061279008e-04
2.613791430092418243e-04
3.066262430379470823e-04
4.286304953194174203e-04
1.008862621754870318e-04
2.980660884237383720e-04
1.134706329824969394e-04
2.900282957527188735e-04
6.606465649477992388e-04
6.072765520182473202e-04
7.512896483757582847e-04
-8.000386914292318622e-05
1.387319450098949190e-04
4.088147865202178440e-04
1.233759251778516509e-04
5.665626171947678964e-04
-2.236807390438080777e-05
-3.073587427612349254e-06
7.717479097998062752e-04
7.495898656963691318e-04
4.718949034239728843e-04
7.871912524379492525e-04
7.450713956422505514e-04
4.123193103378198620e-04
1.283796719938231073e-04
1.407024469428951919e-04
9.551823070620476673e-05
7.773812616495361875e-04
5.380525096599992263e-04
7.919569263089578336e-04
8.201977796273347441e-05
7.113272080755452258e-05
7.517546091631349594e-04
6.473646666810330152e-05
-7.483478883811219039e-05
5.935648699369857131e-04
3.199293261267060367e-04
-7.898919048267810498e-05
1.941850953377624361e-04
2.170006043286150529e-04
4.945637090205809092e-04
5.639115118817153481e-04
2.790762929933289353e-04
6.792645916366491302e-04
4.502034829564115020e-04
6.993586952115239501e-04
2.465381962684581136e-04
3.065780168988865373e-04
2.178169834380149048e-04
3.802760055629045505e-05
5.856511277183128888e-04
2.182243007766325666e-04
-1.136788739760395477e-04
1.537946521994276684e-04
6.568186699852899700e-05
2.702181893382323420e-04
6.023708332919590564e-04
7.367572292666990435e-04
9.279523214064560916e-05
-9.757365934395148923e-05
4.646549461296975913e-05
2.278785424660929491e-04
4.525304860619108597e-04
3.386825730160113570e-04
1.980796383690600721e-04
1.173211863012132500e-04
5.221287450833886085e-04
5.597250445264225459e-04
4.071098350732890638e-04
-2.348681152412168056e-05
4.551670494977158501e-04
3.387281379777203950e-04
5.275334425554049802e-05
1.042501418630310741e-04
-7.230677946332769929e-05
6.494892467208756648e-04
7.738786516094430315e-04
5.402977712694847145e-04
2.699275789864350687e-04
4.864602353114557331e-04
-7.998193562132786892e-05
2.765841603598751387e-04
-9.291455694961087272e-05
4.842309686506701357e-04
4.694889949071466865e-04
-9.932988307769759293e-05
7.986571118160693504e-04
7.889050935568764486e-04
4.248997639361367875e-05
4.094625403916287202e-04
3.368110424351757190e-04
3.995134148311261775e-05
-4.784138077726938013e-05
4.707878994207682411e-04
7.281296779992757484e-04
5.836241596207933976e-04
7.193202848866795318e-04
8.371192485677707155e-05
7.107984889972502511e-04
6.798043944767688486e-04
6.775778568774822258e-04
-1.348749428701376209e-04
2.115707753686411007e-04
8.190082039246769250e-04
3.884166701593861986e-04
5.113369074783015271e-04
-5.365745500593489836e-05
4.932911112683033587e-04
8.356854092472455406e-04
-1.374655238347906208e-04
5.116888094373039106e-04
9.707840743206862098e-06
-7.838541564261283236e-05
2.479874714117144292e-04
6.188208560565937636e-05
6.200912256665399485e-04
7.196038110885915554e-04
2.728457422483271670e-04
8.111644557040126801e-04
7.877550426796239499e-04
4.158165114934592459e-04
7.236588476184136788e-04
2.574013960670191179e-04
4.609515056781234780e-04
4.387496925395852998e-04
6.315426081042468812e-04
-1.327284712323487494e-04
6.764529892159755389e-04
2.208007967840131718e-04
3.424026728123840996e-04
1.710621461992231748e-04
5.190333806237439106e-04
-1.375473273040425822e-04
5.134912055350200275e-04
-7.588229132419605221e-05
6.672316320839285012e-04
6.318840336293240264e-05
1.516220033561856020e-04
5.443697402388545390e-04
3.173969495443283197e-04
1.441753844780327930e-04
1.139506248923056981e-04
2.653196863857486655e-04
-1.280708631297812830e-04
-8.724102847041447580e-05
4.029497656553531317e-04
8.518533316103689022e-05
5.867601491489814408e-04
7.141397002114193652e-04
5.953235776890796567e-04
7.439526556558384140e-04
4.776053227248100430e-05
6.642509230203203505e-04
-1.273058928295046796e-05
7.153255367222641258e-04
-6.641707568985708975e-05
3.662104920555605820e-04
4.293855346411344339e-04
2.046843696908552202e-04
-1.462850588370606978e-04
5.051159969562830357e-04
3.042736067465921291e-04
-4.537303208948600356e-05
-1.605048275889774505e-05
-8.271272867900922548e-05
7.634401362468024098e-05
2.424498032118862123e-04
5.139163165171371566e-04
4.394889733712000249e-04
7.012476884332628736e-04
6.292887668087194771e-04
3.203091950221576695e-04
4.042638885458778005e-04
5.352621784684574594e-04
5.814464338742251787e-04
3.865726738634641725e-04
7.714720080765068459e-04
-3.571250255924964044e-05
6.074872850546062279e-05
-2.961889136030109425e-05
1.895189096509639667e-04
5.773425192078607358e-04
-7.298073667935779738e-05
5.251580636078993997e-04
1.280019411470494366e-04
5.818686112922541540e-04
4.518607240053195101e-04
-4.119594332522656785e-05
6.117322227126952136e-04
2.888944585844085001e-04
-1.184556768972131434e-04
1.797444556130454118e-04
-1.421214094451434971e-04
8.027675412862621436e-04
5.631325796975550970e-05
5.696226515281640904e-04
6.216759083961326477e-04
6.995736118847430607e-04
-1.271627950818600232e-04
4.826177607033599131e-04
1.495995550196721913e-04
-2.936482112885172385e-05
1.516117012831315097e-04
4.460404652344395469e-04
3.990934438665928903e-04
2.266657377697844456e-04
2.915435652919465097e-04
8.149249237609013964e-04
4.724325379984116685e-04
6.341576677198752614e-04
1.384295495810442195e-04
5.434089310317272983e-04
3.256845893527278825e-04
4.808082294660842853e-05
1.146924766258161318e-04
5.318320109545283947e-04
3.938903592310661022e-04
9.683884203311543082e-05
5.467809152076171225e-04
1.894301840040611001e-04
5.542008158245065015e-04
7.409891121759764644e-04
8.032264042868603746e-04
1.584255656229400751e-04
1.259712422057148796e-04
6.965292118593721530e-04
-4.315538553017407884e-05
-1.254051545728185032e-04
3.482574238198616213e-04
7.933977531819938174e-04
5.107190918498652520e-04
4.982221693063044646e-05
6.496401423615300562e-04
8.357600805120994094e-05
5.025258812838164077e-04
3.623630040563018844e-04
5.591207116092100074e-04
4.470299096845567867e-04
5.122751917957262029e-05
6.155878004400481326e-04
4.811115746424004993e-04
6.180772688491077693e-04
-1.547356890192262517e-04
7.077319819759604700e-04
2.742701810808275938e-04
9.246556848966265574e-05
2.153797315959651501e-04
1.409040857548771490e-04
-9.318640125405157663e-05
4.967797590952426594e-05
1.649272760080915329e-04
4.225677885403413621e-04
4.002962070631066959e-04
-6.743436559093540566e-05
-6.145335170253207020e-05
6.854821617412139084e-04
1.486754029196937798e-04
-6.385513383963330961e-05
6.535540471411526190e-04
1.044030229057149188e-04
1.279405285481469398e-06
2.646673991429609844e-04
-1.208183614583228041e-05
2.386346124767426552e-04
3.530852489544735167e-04
6.183028498175257475e-05
3.798814124341888965e-04
7.046016939077250780e-06
5.814260016283658581e-04
5.148644331408249331e-04
-7.533588419337343520e-05
-1.480178034826656441e-04
6.771161293353873028e-04
6.418590237003085836e-04
1.858290416856195413e-04
5.958716978155993455e-04
4.238357332120001311e-04
5.140167751482013292e-04
6.270501741929346892e-04
-7.752630702359795424e-05
3.313864717078436042e-04
5.361791002963024223e-04
-1.424471136826675549e-04
1.196519844974830855e-04
2.331993515053861735e-04
5.541256549506063338e-05
4.517242414628724022e-04
2.018728035037119922e-04
6.080617965340105345e-04
5.224284272508468094e-04
-7.502554282609945303e-05
3.658192259301664773e-04
4.974374153756853326e-04
3.964884238651447679e-06
-1.282707031308601663e-04
-1.522117608486062829e-04
7.092675646869841003e-04
5.778979123621597394e-04
-1.587387668575512118e-05
7.783856446734753378e-04
6.628748525180414952e-05
2.671775051551419531e-04
7.849898988903273407e-04
4.759110727152073136e-04
7.728541373948102748e-04
-9.584471559380766540e-05
5.441178569413507738e-04
-1.384454626199178580e-04
3.292826717034257056e-04
6.770786869263179224e-04
-1.493704922525741937e-04
7.202627319159297156e-04
4.259782719454244921e-04
6.094977327801624723e-05
7.657611900536272437e-04
2.414044454013839825e-04
6.731807459060962229e-04
-4.109056348129017322e-05
-1.055919550277619097e-04
7.009599400655347696e-04
4.515654746547890152e-04
1.337305755181039397e-04
5.318493809243497175e-04
2.183837708544566277e-04
6.157872480453943555e-04
3.783253589372606585e-04
2.845754782374452152e-04
2.533112344302611068e-04
3.910923983795048424e-04
9.684398867265334295e-05
3.681241196464323569e-04
-7.973611576397357222e-05
7.013055495633964669e-04
3.854077561178531619e-04
2.818512648520028600e-04
5.028471477342099077e-04
-1.180696685330158766e-04
2.374746692279964210e-04
4.412737933625148320e-05
4.715405804667851001e-04
5.469068595653408865e-04
8.376166612860411285e-04
-1.507365403594280757e-04
1.275476041027898632e-04
3.997864688218033161e-06
4.575974727692628825e-04
1.802936743230725762e-04
6.694487559119233757e-06
8.021245034911659482e-04
6.777829760233919192e-04
5.594069649876168629e-04
-1.300699514076525485e-04
4.765432618238667943e-04
-1.361737090060125227e-04
1.776443572613932887e-04
-3.662238214016504801e-05
4.625367239769354131e-04
-6.250135198206945735e-05
4.262248528386997299e-04
5.390274826879323496e-04
-8.902185033711057369e-06
-1.038898133249509340e-04
6.947816142709791355e-04
8.115367982269089864e-05
4.964845054877182508e-04
5.290851958883434087e-04
4.731235510813794126e-04
4.737589315051215317e-04
2.458265378620941110e-05
4.456448977740542399e-04
-1.140455112843328882e-04
6.170326739316398749e-04
8.856448850245142250e-05
-1.935318607755781085e-05
2.457004115881380926e-04
1.211494969711219037e-04
7.389576181630859789e-04
3.863044142023188939e-04
4.730762786265757048e-04
5.688294226686272824e-04
2.969443919851205184e-04
7.536212450789545264e-04
2.861299170733841218e-04
2.150065142696496324e-04
-1.489647363033303373e-04
2.676756573519912481e-05
6.707561270224088941e-05
-2.274378046806423275e-05
2.427973404736416573e-04
-5.227511896130565349e-05
2.546177899297813138e-04
4.795030635887426087e-04
3.203555486522679640e-04
-2.819235835580676360e-05
3.858854118238819989e-04
-1.384511208334618273e-04
5.566951023138350932e-04
1.384909396998663521e-04
1.842009097895866898e-04
1.232185496519082421e-04
-1.272699584117750770e-04
5.454230088938208593e-04
2.948589474794316109e-04
2.288423216781790097e-04
4.760037595632544863e-04
2.032221185321373661e-04
-9.534764617700453005e-05
5.149566326784232222e-04
4.310968004906282178e-04
1.796593551564606192e-04
7.776457115516578582e-04
3.469285731744146516e-04
-6.288687261277394358e-05
-5.593175891679918576e-05
2.907566945109170170e-04
5.564664206994376699e-04
4.793795131234678073e-05
2.114337202985300973e-04
2.816437399620698489e-04
8.481761113966252872e-05
-5.040143174279810250e-05
1.018664962584523310e-04
5.322058855090951992e-04
3.910935762823634812e-04
6.315258645337005648e-04
6.195125984943778774e-05
2.746495977250118124e-04
7.146444909732753382e-04
6.587405760138940244e-04
-3.494803362478659441e-05
-1.159881510190329332e-04
3.771486229349347566e-04
5.726453966960125090e-04
2.701657006251548970e-04
5.435275737759425862e-04
5.813612903858258107e-05
3.402800968147109127e-04
-1.579598693892612623e-04
5.087673412697333144e-04
3.611943070602802630e-04
6.862367209788368611e-04
5.205603454062673798e-04
1.217305734471570844e-04
-1.094861031194609564e-04
3.236356756339072880e-04
3.235683349322645837e-04
7.670605358639372802e-04
1.032295947858290590e-05
7.219243563535880041e-04
6.330325302960548503e-04
6.247572057102466700e-04
-1.440200316872309032e-04
-8.890515219938395876e-05
4.617970258318198072e-05
2.025081270770008655e-04
2.975738972602679075e-04
3.617151514700776122e-04
7.380183904994678384e-04
5.739278330787110595e-04
3.890510645674096456e-04
7.602910033016999124e-04
7.183846642475844252e-04
-2.157826905054961670e-05
6.679072676394059993e-04
4.329056260516602503e-04
4.097617461780522037e-04
6.477653738207316556e-04
2.456999966210505451e-04
3.330162923579320778e-04
2.604126367248335160e-04
5.380859752654416428e-04
-1.220214766088295404e-05
7.864074990437840064e-05
2.379119792472096802e-04
3.976715121386169912e-04
6.470285786387645205e-04
1.915048522132945907e-04
3.432721495072989996e-04
7.424674622765336943e-04
3.283033141709938035e-04
4.709925549082592550e-04
1.750162130194483868e-04
5.726760878937209645e-05
2.927934880154022998e-04
3.063645682625038350e-04
4.573926049502255345e-04
2.959053591268126659e-05
2.235071110563808204e-04
6.695773138660354598e-04
-3.365104646547989464e-05
6.496359010650225871e-04
3.900608227192556396e-04
8.187279882185826178e-05
6.208334542683774685e-04
-1.486680778017984716e-04
-1.547939748052035646e-04
6.809151972431318027e-04
6.347421609248731335e-04
8.052366878013192354e-04
3.560945407389736134e-04
5.803037803280797170e-04
2.048895475361798711e-04
6.802735586311335495e-04
6.611199184513777199e-04
4.654538161814567336e-04
2.084578892717040715e-04
6.161497707493652359e-04
7.467090401623063649e-05
1.800308051042454473e-04
5.159538980271871026e-04
2.812414379238302347e-05
4.583441115853188535e-04
-1.368362724816528711e-04
6.981895795198037741e-04
7.966102536649299947e-04
7.203867425613013449e-04
2.403022066717722159e-04
-1.166969660650759129e-05
-4.634984935961114662e-05
4.082175512931932233e-04
2.474852452034023752e-04
1.200425494796467369e-05
4.766746036309264497e-04
3.640217484592707874e-05
1.256105476968190730e-06
1.335153375745683267e-04
6.196250471646418253e-04
1.842376384707072846e-04
6.306699028956811153e-04
-3.252580080974119641e-05
2.773560731333509161e-04
1.115016378873269324e-04
3.979140864715750977e-04
5.866854840543796797e-04
1.574578437722233494e-04
4.080892036962223673e-04
1.281172859100773449e-04
7.065641814965259448e-04
7.438227033818405054e-04
3.770940429415358167e-04
7.034928706012412783e-04
6.007667085300691162e-04
6.846771179221735086e-04
4.927355222789290938e-04
6.772166398658009852e-04
-1.738318395299821232e-05
-1.470167003523576538e-04
-3.053886673796417410e-05
2.118231351810314700e-04
3.544546248498919123e-04
4.595235591655752634e-04
1.467735153207679901e-04
1.580924618506272718e-04
-1.645080311672786420e-04
3.824215894831634304e-04
5.946531436432297979e-04
1.604627285148310309e-04
-1.468305218228231808e-04
7.283077379305624721e-05
6.483744543830887276e-04
2.242915731454877464e-04
6.107682959796465307e-04
5.753810140921391571e-04
-6.746013044032926465e-06
6.616277550601011668e-04
1.858984027113546483e-04
3.027173222801782747e-04
4.508081130844375094e-04
3.649736276873707659e-04
1.684475661374658275e-04
7.410498346399646986e-04
3.229917196489168451e-05
1.355737810026824323e-05
4.720323273489821186e-04
2.600587033105615053e-04
8.316704885387917346e-04
4.235840382138212289e-04
5.331136536335535897e-05
-2.121452618519706511e-05
1.379533112087379099e-04
7.777398856721081917e-04
2.600240722618186832e-04
6.394681800903980222e-04
3.488688070901245719e-05
6.567955325710379995e-04
2.918338800923584429e-04
4.799627414542888726e-04
3.897549282988497046e-04
1.451218600017718720e-04
9.961801249961669202e-05
6.865930429524951483e-05
2.738924362060432636e-04
6.926781070558699852e-04
5.411346147216550620e-04
5.013825675668814917e-04
3.047507262129741496e-04
7.448412245846234604e-04
6.482287013105993709e-04
4.212469860368472365e-04
-8.491948467686768250e-05
1.992349630429012680e-04
1.090843679600459653e-04
1.605441787325466798e-04
2.416127742830623723e-05
4.952014697682181584e-04
1.717134802531754040e-04
2.996772505109289875e-04
7.772886087138397527e-04
-3.048765822627475653e-05
7.249930305335680267e-04
7.961487776698516865e-04
6.318277298903398525e-04
4.112573576028016962e-04
5.485123018595986465e-04
-4.743163061242518735e-05
-3.478185222429202916e-05
1.933980369111419428e-05
1.654934486419500702e-04
3.269219031863348406e-04
-1.548962582080953831e-04
6.069605892515886336e-04
-1.045119587157284714e-04
6.667876213614787198e-04
3.323111083879393135e-04
-4.189815588488924339e-05
6.814377024660766690e-05
3.543425398433625072e-04
5.872035801453485450e-04
3.665939958493633316e-04
7.180818588493879549e-04
3.299757898946397523e-04
3.551691710174460954e-04
5.163347449856107649e-04
4.700420878546998030e-04
2.339623988129472057e-04
9.592028017609078639e-05
3.711826099141737022e-04
6.500990534644967298e-04
3.045710312441338619e-04
3.500318504775024525e-05
3.497103485985359552e-06
1.990904610328243774e-04
1.432899591514456486e-05
5.449708330836472957e-04
2.067015522049943485e-04
5.077864995307882547e-05
6.016306996755322722e-04
2.510991935082303433e-04
3.121743911341447902e-04
8.320519535541638992e-04
-1.007023413826618844e-04
4.027349740836199407e-04
2.975593928559177475e-04
8.119432480823567154e-04
-7.378551458348847657e-05
3.478097215243329868e-04
2.547412498614617677e-04
5.011643575251351632e-04
7.152388316620667810e-04
5.296530780853964853e-04
-4.749250562545206922e-05
2.075192327508823455e-04
1.767526316296668819e-04
1.044242662926484291e-04
3.114117233973499876e-04
7.368004797990754902e-04
6.828792807521157342e-04
2.084168495195840238e-04
3.558185009930627776e-04
6.697903052371040073e-04
1.498773872345997749e-04
2.257245815190894831e-04
5.070959901439721796e-04
2.084756971365598092e-04
-1.651897520306712906e-04
4.332522666982876049e-04
-1.084799518156409279e-04
1.585929125793143779e-04
-1.476464223859395408e-04
1.362097847694987982e-04
1.155914181227294855e-04
7.904454591513544954e-04
7.366545364377912125e-04
4.863940012667271936e-04
2.449774549297077924e-04
1.543103250122103735e-04
-2.691924697533166290e-05
4.238502624770441033e-05
1.925753490714016722e-04
5.797618584308525868e-04
6.936548817220736457e-04
6.552721069664604664e-04
-9.862755717703025171e-05
7.414582006387220687e-04
-2.339193510219369281e-05
3.294350320943995590e-04
5.175736485201634738e-04
2.044159258777371503e-05
6.739784663819340391e-04
4.784016121892454665e-04
4.753041569458539518e-04
-6.986681289950919243e-05
6.697612857149033965e-04
3.936591095943406892e-04
2.352450416586525492e-04
2.637379345095807208e-04
-4.318641865604810502e-06
6.163814717963139777e-04
-7.821352542370143266e-05
2.135114914799524078e-04
7.175796760634742819e-04
5.468878458308691279e-04
4.611258262031300002e-04
1.372530005720527899e-04
7.367043013632208459e-06
5.772924331246780246e-04
-8.121687988559830396e-05
-6.299560055602904931e-05
-3.785201793768272764e-05
2.004525918686293274e-04
8.120308959314770543e-04
6.137661039674875783e-04
3.306470854322304028e-04
4.896374888634297869e-04
7.082283027451599785e-04
5.535471503286773943e-05
3.775352429631838292e-04
5.608643991065536891e-04
5.773591422522602907e-05
3.829811701290278475e-04
5.085988676526249572e-04
1.375419013243150187e-04
-9.219004542829924826e-05
4.364614236474284657e-04
5.854979926802523788e-04
5.593947536449396995e-04
6.799012106242192455e-04
6.196724246619210105e-04
2.157639200042293752e-04
1.527948870264358788e-04
4.602372602635117563e-04
4.513063019786921117e-04
6.404295973206873549e-04
-4.478074493548380210e-06
1.295738439650344831e-04
4.068362027439467320e-04
-1.559102243906848354e-05
5.105585296675925954e-04
3.773933287935153733e-04
8.183861883762615780e-04
4.308660993653054441e-04
6.380442552166708681e-04
6.087672841908643847e-04
4.949610495038436579e-04
-2.896074343764799491e-05
8.110297470850601599e-04
2.976190581696708465e-04
1.145936061057116327e-04
6.950399703287303945e-05
-6.341192360380864743e-05
2.669051471071828873e-04
1.882417948749053331e-04
2.212676766973369806e-04
5.815301494754022407e-04
8.276428398763560320e-04
5.727197630685634854e-04
7.396709422897479631e-04
1.962245200949477375e-04
6.336501488729985978e-04
-1.058622969379157812e-04
3.363627333718492945e-04
6.388631046523431459e-04
-9.373118940959537662e-05
2.516686563302800855e-04
2.076778849351998228e-04
6.983341531954609816e-04
-7.506519416225504058e-05
3.600380671151363356e-04
-7.294360279962591200e-05
-1.911387122046780642e-05
2.210824930794104404e-04
-7.652717226389617571e-05
5.914709471867045853e-04
-1.199683255836249754e-04
7.554560874027391789e-04
4.032340385261003147e-04
4.250106005751714882e-04
6.596823361055633881e-04
2.542969854680697701e-04
-6.456015216844444913e-05
5.680301134746231113e-04
4.518512688564801233e-04
4.313509597312481904e-04
2.812969995300571902e-04
1.929020198508576967e-04
1.257213744754805975e-04
3.318292061358145374e-04
4.835028472568658688e-04
8.017134356704398420e-04
3.722696427666294687e-04
7.475656895739354445e-04
7.996497348799217137e-05
6.015451385519512582e-04
4.744262861164800778e-04
-1.389304045896360448e-04
5.770561789783516153e-04
5.091015998855017094e-04
5.203997070740716590e-04
6.277849372966056102e-04
5.723327471292910735e-05
2.643140625827413207e-04
3.960503894694794580e-04
-1.038872368817308003e-04
6.092311887257892368e-04
5.388716467650347692e-04
-1.303626836538013180e-04
7.480145189322952174e-04
4.558749291296186677e-04
1.312949513442317995e-05
4.792329303066609255e-04
6.063622036105624849e-04
6.363812557272084973e-04
6.206826058833246357e-04
-1.384689321429451235e-04
2.127990157314365595e-04
4.516063637560810418e-04
5.896398153451649568e-04
1.381439217977569356e-04
3.035795944571232307e-04
