6.410120436016651411e+02
9.823902950235415119e+02
4.500450264726080150e+02
9.069347050443034277e+02
9.103124413672115907e+02
2.772272531660009349e+02
7.777157727894597201e+02
6.165333461101815828e+02
1.523703722187025278e+02
8.758378986716570580e+02
8.378011489524069475e+02
3.626811632121361981e+02
8.774942933771789910e+01
6.909089891154244469e+02
5.723724450889933024e+01
1.061439330329443322e+02
2.578738102657618469e+01
3.565472192780842988e+02
3.493843137920167123e+02
5.465670289191325537e+02
7.894731770495071714e+02
7.522855130540630171e+02
3.030097908467145089e+02
7.852521468960671314e+01
2.460155199126209311e+02
4.670221640572347610e+02
4.280103232257274044e+02
6.299555400450653906e+02
4.409596536140021499e+02
8.602744407472242756e+02
6.041943526045897670e+02
3.854731762032756137e+02
9.418712042045410726e+02
7.188791964285236418e+02
2.207028403814776993e+02
4.150546758059450099e+02
4.148823510564757271e+02
8.229922872761002282e+02
3.252217084260491333e+02
1.066511428450932470e+02
6.390217540891678709e+02
3.415708547362261527e+01
7.717544956176780033e+02
8.107254526109168182e+02
3.918021109936635753e+02
5.214361078201518467e+02
5.935796126944627531e+02
4.309426004426519796e+01
5.706868913978117916e+02
8.054584814293956470e+02
5.139670985639830860e+02
9.634624134170932663e+00
5.792205900556475626e+02
4.149823838517518766e+02
7.924480540244014719e+02
9.841138160222883471e+02
9.329019734221326416e+02
8.359722587178554249e+02
4.132792303513933803e+02
1.631395318325273820e+02
4.050071497205686910e+01
2.752177327203829691e+02
4.113534755512337142e+02
9.524761659242220730e+02
3.369449337248895517e+02
6.963738151596475063e+02
3.209925500975716659e+02
6.943951722107069600e+02
8.478201818481430792e+02
1.029508432069285959e+02
4.650315483696996353e+02
5.231169031955010951e+02
6.585108138885431117e+02
6.059870692140522124e+02
8.100227130410481777e+02
6.900158221845093749e+02
6.879528286901316960e+02
1.796188137122272224e+02
4.162565934225955857e+02
2.566642647435800768e+02
1.908886849723023715e+02
5.127896299572983025e+02
6.527328037145233566e+02
7.430186486408629207e+02
5.336627004440667861e+02
4.517859334787628427e+02
9.548907187195228516e+02
3.439529177327598291e+02
5.214928155527935587e+02
9.592373663279211087e+02
2.502331232417035380e+02
7.142596301840590058e+02
3.239297216616466812e+02
2.536522186294285461e+02
6.768990862139316960e+02
1.758932581675229869e+02
7.055463388364527191e+02
4.720866477711598463e+02
3.122108031537669035e+02
5.997326602284991282e+01
1.295270743013808783e+02
3.380551613137499203e+02
8.310571862180887592e+02
3.623883625324277773e+02
7.896101837836130244e+02
4.247952636005047822e+01
7.442809912937539139e+02
9.777321964963605296e+02
6.562117922652794277e+02
6.786670257540537250e+02
9.820038326437853584e+02
8.995896058171856566e+02
9.835343690150371003e+02
7.519410750171161908e+02
8.351441609005009923e+02
6.291822693679116441e+01
2.722938765255938733e+02
7.842649087394794378e+02
7.668129147367763210e+01
9.849966136116456710e+02
4.849907222919335936e+01
2.520301102556020680e+02
1.049914174776371851e+02
5.420911681320828848e+02
9.104860374417950197e+02
6.790745669191971956e+02
7.170901907065949672e+02
9.031534516710240723e+02
4.603872474338884899e+02
4.325528986070162887e+02
8.525413069951463285e+02
9.825400779045468198e+02
9.193594986958795516e+02
4.515534018697628653e+02
5.706370114058535137e+02
5.654822800670012128e+01
7.650091424420218118e+02
4.574320960058396963e+02
4.123142794436562895e+02
3.676415447810078376e+02
3.389029667849084717e+02
3.132073642474153630e+01
7.481458885868186144e+02
4.770917271885077753e+02
2.962711063900007389e+02
5.450676338833599175e+02
3.077852999459932448e+02
9.689138433335630225e+02
3.891082134625556677e+01
8.441000741049385852e+02
6.439373095026912779e+02
7.102375324280845916e+02
8.484517233216168961e+02
9.935014955081715016e+02
2.657599070352779904e+02
9.439463828259375759e+02
2.264680985992650974e+01
9.500401967472421347e+02
3.497988816635424314e+02
3.582199726270989117e+02
6.933167506930785748e+02
9.688334858332236763e+02
8.639909506297364032e+02
3.795991083739861551e+02
6.466910409207572457e+02
5.073093870204291420e+02
2.383747040242263324e+02
9.216307812204193795e+01
3.582929751852399249e+02
6.357577034815888055e+02
8.304122502165653259e+02
1.307268541191529607e+02
4.717187851721381548e+02
2.131421676825696636e+02
3.745105392621591704e+02
3.800370468694968054e+02
6.876235587482751725e+02
5.299102218604987229e+02
8.301003711809911465e+02
6.176807887293902013e+02
9.234506642702390309e+02
6.291931271862958965e+02
7.918509140325395492e+02
8.988057129193136916e+02
9.982724190110312747e+02
4.460214621008866516e+02
7.198027893462232214e+02
4.314960311014428385e+02
8.365354080215755630e+02
3.189765817045564518e+02
4.128076465331063218e+02
1.505680937705766809e+01
4.361880814492107561e+02
4.518818265045709950e+02
3.437929307333380393e+02
4.537517026000721216e+02
6.751089860206448066e+02
9.196049642659791061e+02
4.489953448570750538e+02
1.100154558205478423e+02
1.848957341602939266e+02
6.398515635005376225e+02
9.375042849021383518e+02
1.993487684490247247e+01
6.730235100642381667e+02
9.046506400383292430e+02
7.580751418806808317e+01
7.574617071195500557e+02
8.426503593100953822e+02
7.299418144933587200e+02
2.033655362608882626e+02
5.441465748297354139e+02
7.176332669424859887e+02
8.211095930460525096e+02
3.028850354662244513e+02
2.370199100057951398e+02
2.719990555938169905e+02
8.685419524333348136e+02
6.368907462040148175e+02
7.785287494986070556e+01
5.269385814873812706e+02
2.183960806675666788e+01
7.443716780238622732e+02
7.497576666971210670e+02
9.324239770849444540e+02
8.863729918704301554e+02
6.820211282146173062e+02
2.354909007909549246e+02
5.342226454671561697e+01
2.959585037057377122e+01
2.704237426088353686e+02
9.734506283039224854e+02
7.091165188939933159e+02
8.247409227531599640e+01
5.477867592738356279e+02
5.692453070941181750e+02
6.610526383604914145e+02
8.604757100175615960e+02
6.425488866158971177e+02
2.711592936908729712e+02
8.421929155256756303e+02
1.316525122696089340e+02
4.822939559011465462e+02
6.531249243973749117e+02
6.884239523498404196e+02
6.763118317701646447e+02
8.928623379020249331e+02
3.957761262736008234e+02
6.053074750917719484e+02
3.116610790218735474e+02
5.786973681580507218e+02
9.226216602918483431e+02
2.596516369269208369e+01
2.726008710525361494e+02
3.920307324457356231e+02
1.453960379825109897e+02
9.969622761348538234e+02
3.305951947160285158e+02
6.228435250227432789e+02
1.551990571333353728e+02
5.032954823844708585e+02
5.865097780978345554e+01
5.140523109548655611e+01
8.671245536654116677e+02
8.816692229164276569e+02
6.708030120675915668e+02
4.852145167991981225e+02
5.156877006457466450e+02
7.440047317692166473e+01
5.409058412931752855e+02
5.416553469518723887e+02
5.736611700767563207e+02
7.194175262744799966e+02
5.602393380879458391e+02
4.396095833328005256e+02
5.059177807870325410e+02
2.845535654784945336e+02
4.778519015050027861e+02
2.124226056179507793e+02
3.701527335190585291e+02
1.362986414443195713e+02
5.086999398031929331e+02
9.047169590630627454e+02
6.900896584201703945e+02
3.047257767612480279e+02
9.527675537514011239e+02
1.709084019864897073e+02
2.802321259653487573e+02
6.335068561007839349e+01
9.222053490226552412e+02
9.076264429952094588e+02
7.681182515179474990e+01
4.831075972227577608e+02
3.169195641812838744e+02
8.482634450594485997e+02
6.534598950886097555e+02
8.631261088205139913e+02
5.373504092643312333e+02
1.665522861783621522e+02
9.150811031282578369e+02
1.213618299275559593e+02
1.692444337586489382e+02
8.991247828724443707e+02
6.484538799158858637e+02
6.041171470955050609e+02
5.137342076120363572e+02
5.633245156359575958e+02
7.258297287010473156e+02
3.515951926906109861e+02
8.957032818152643472e+01
3.793634976388674431e+02
5.763244623896936218e+02
7.100544718808897642e+02
1.694423197362242490e+02
9.515579835970817157e+02
7.274491080330925570e+02
7.899472203856517183e+01
8.461606366060639175e+02
9.780381029595919529e+01
6.738917053127092061e+01
5.399051955866698336e+02
5.554919184824451577e+02
6.933243205231398179e+02
3.024952948324645376e+02
6.798376293278618050e+02
9.863393061736410345e+02
9.338593967173054580e+02
4.792522066248332635e+02
2.462179839463113353e+02
4.706255525543560907e+02
3.105604419871825712e+02
4.696138781082578362e+02
9.520221929028383556e+02
9.368532907135238474e+02
8.379378789003311567e+01
2.027977321000134054e+02
6.721102046816100710e+02
4.440373293782261612e+02
9.543929990100219811e+02
9.681560106576051794e+02
9.789298803052666926e+02
1.955087007698401749e+02
7.322061517224101408e+02
8.678725216531854585e+02
5.306292811390388806e+02
2.511598355123156878e+00
9.277182490981158480e+02
9.793266507276528046e+02
7.664415410902812482e+02
9.320319602406615331e+02
6.386785278043388416e+02
7.527765258508693478e+02
3.621810517650135921e+02
7.383655337639631853e+02
3.325567340713786280e+02
7.028549245940595824e+01
9.132355672894406098e+02
6.314971288094545798e+02
5.550477788781022355e+02
4.074654332146646425e+02
8.360304839852105943e+02
9.062773843938418850e+02
7.745978317185137030e+02
6.136201820283015422e+02
1.915268020923931545e+02
8.627825246297093145e+02
1.461397045759132993e+02
7.901815117297386450e+02
4.399382899867180186e+02
6.597721667796281508e+02
8.340771290212851454e+02
6.511806571354710513e+02
3.664812984143973722e+02
5.066959246801412178e+02
5.812727707539576159e+02
8.774810134442448089e+02
4.301240663881447972e+02
8.904623393719691649e+02
8.940706588116220246e+02
9.005215526879517540e+01
6.662803681789156371e+02
8.292112039586826313e+02
3.175879068283621223e+02
6.453525755717647883e+01
3.640526446679598394e+02
6.919536612211668398e+02
5.566581261683016919e+02
2.071137778747279583e+02
3.410240298569065089e+02
2.713588913589595109e+02
3.893293779366757690e-01
4.283973469326304553e+02
3.087901331826184901e+02
5.047378428461228737e+02
5.101326848557951052e+02
4.259143163444974789e+02
2.542412998621192912e+02
4.609724653911916334e+02
9.276963882416685010e+02
7.565384041039264957e+02
6.958549127900278108e+02
6.528226750127541891e+02
9.283322071691933388e+02
8.031534728477842009e+02
7.840302284167115658e+02
2.214430124458765903e+01
6.414784684353675175e+02
3.014553378890840918e+02
8.259559965358467934e+02
9.855545437876477308e+02
7.249312713281158267e+02
7.772282793729456216e+02
3.253049707931356807e+02
2.883223835181667596e+02
9.810025754058028724e+02
3.390572680016405798e+02
2.931917068462708187e+01
8.163226725224234315e+02
7.418329904672411885e+02
2.558028051293148764e+01
5.625576759663648545e+02
6.112180104152461126e+02
1.875891270476435295e+02
2.404386207953533869e+02
4.637321467682602361e+02
1.518061253774882857e+01
8.338527524190614031e+02
6.541812337984570149e+02
9.720833150569919781e+02
5.560950167195584299e+02
8.403167547223747533e+02
3.116657842867531869e+01
5.320962313197059075e+02
3.385586476491913004e+02
9.588493049754207505e+02
5.220712432694334666e+02
5.738223051538504933e+02
6.652209355347315523e+02
1.420211277084698622e+02
9.519785715677747930e+02
9.304796550408525491e+02
3.426772672856404078e+00
3.691460620375733583e+02
7.232515303456342508e+02
3.316354939505633297e+02
3.708641230333464733e+01
1.008676555951208940e+02
2.558506953769427241e+02
2.838803255186271599e+02
1.131417881106834216e+02
6.038442144817671533e+02
2.281909371891217688e+02
1.479265003119112265e+01
5.008727913422978872e+02
1.686990648303683429e+02
8.988369909911803006e+02
9.980102565313479772e+02
8.480634804886523170e+02
4.682239770018917966e+02
5.441154847945300617e+02
5.653041112035672313e+02
5.494488904548605888e+02
9.714042246118966659e+02
2.262514717729222582e+02
1.989216390183952115e+02
2.146344363503202146e+02
1.861510376124413426e+02
5.064218689665374313e+02
5.493716810456861310e+01
6.565751888449200635e+01
9.408499617706268054e+02
3.520898066928958201e+02
7.095712492586984581e+02
5.465312151527530204e+02
6.380677628413561706e+02
7.150134229063833118e+02
4.774567720716019608e+02
4.684420486485060451e+02
5.098156590385487448e+02
6.630140841499448925e+02
3.469477810082414067e+02
9.148038767237891307e+02
3.972883449402941913e+00
9.946951289961187967e+02
8.352680063334887564e+02
7.085383048741834955e+02
4.362140715137030611e+02
7.142287398657542496e+01
7.495936355218472045e+02
4.564701684448576771e+02
6.166365650374422103e+02
4.851648273180946376e+02
1.436482478594130896e+02
6.556770308957666202e+02
4.441968825585529430e+02
9.179066378526022163e+02
4.649452729345725288e+02
9.797172408964606802e+02
1.083035721852477735e+02
9.293542061317700700e+02
3.218549986719526714e+02
4.488302254096508932e+02
1.031685475786801049e+02
6.115748101897711422e+02
3.590381047660529248e+02
3.442113717973567191e+02
4.014349901172790283e+02
8.303183123577140350e+02
2.997379408117251032e+01
1.719008399718162536e+02
3.917309455052198075e+00
5.624645653010679780e+02
3.854169688728992327e+01
9.853844585563831515e+01
3.816249110669289735e+01
4.243396963486520121e+02
7.125162397418419005e+02
2.483061577339332757e+02
7.858813155151834735e+02
2.084688804436577527e+02
7.648369098882484423e+02
4.339057818710693368e+02
1.598356674071240775e+02
9.902675750941094748e+02
5.321161551032260917e+01
4.193038678719140080e+02
9.541992202248070498e+02
6.678353075081251973e+02
8.382003400083092970e+01
8.167452090203808268e+01
7.288123413071058394e+02
9.782555941694836292e+02
5.497306494506764238e+02
5.961980742779569482e+02
9.841598277992509338e+02
3.892739217610588867e+02
9.642538972922778839e+02
6.550289523525540289e+02
6.300980677744396417e+02
7.186920519747342269e+02
3.761022752108044074e+02
3.670115981055336078e+02
2.186749436304229448e+02
3.558010233816001460e+02
8.275621316379399559e+02
7.655872336904427584e+02
6.742855425734949222e+02
9.987163043890319614e+02
1.716391759247046878e+02
3.241482158803293601e+02
4.586780251872069414e+01
5.790598490280218584e+02
6.969199601076227282e+02
2.786088104602058024e+01
5.416857780194122824e+02
3.836861521774155221e+02
9.066804940357955047e+02
6.957884968686362299e+02
6.636840697561394791e+02
4.702919426090139723e+02
6.345722558521481460e+02
2.045369428001501149e+02
9.471220858962174134e+02
9.796385730082131431e+02
6.000018779778922635e+02
3.667532521412514370e+02
3.682184881145237227e+02
9.885118778015146290e+02
2.219608097467936716e+02
2.740415899623398559e+02
7.655888086065308471e+02
1.608422200166808125e+02
9.490905431031618491e+02
3.574485793501225430e+02
7.470031882269635162e+02
9.472648265947648270e+02
9.921116768371095986e+02
2.911382488021635595e+02
1.043188080519134076e+02
4.816404840905028664e+02
4.533619330776023162e+02
7.177060016735247245e+02
1.617028404654082863e+02
6.088697235575174318e+02
7.606142713131239361e+02
6.795893235475388110e+02
7.558890387514333042e+02
3.506680597253330802e+02
3.326197851865011330e+02
1.618715082543956783e+02
7.017574652833532127e+02
2.069259845122566333e+02
5.198152091048613244e+01
7.724827665702734976e+02
7.239371473717587833e+02
4.691200113312970075e+02
9.094684001935912647e+02
3.325121654633232993e+02
9.503353563546581881e+02
8.787014722843480286e+02
2.875923019704995554e+01
1.029659362229059525e+02
5.886080724071457553e+02
8.875216259673956074e+02
9.709873752911261136e+02
9.146168399519933701e+02
4.102279815261845783e+02
1.809887990860661375e+02
4.563529138029397245e+02
8.909734024962685908e+02
6.980671731432236129e+02
6.678283492113423847e+01
3.254550098667776865e+02
5.205960984808306193e+02
1.693863084205505913e+02
7.503474368701961339e+02
8.369087207417642276e+02
8.788278738187905219e+02
5.522941460320791975e+02
6.073190467626210420e+02
2.666270000447548227e+02
5.755096900399851165e+02
2.621534528997253801e+02
4.911565984628464321e+02
8.806274018720368986e+02
9.092981167209733258e+02
2.337300238034245581e+01
3.231907341941404752e+02
9.103580316492706288e+02
1.305525750712965838e+00
1.869597537820228865e+02
7.727547967741784305e+02
6.764515248628040354e+02
8.589999559500272142e+01
9.777090420543320306e+02
1.020939197637397200e+02
1.457046188954308548e+02
5.598689091422552337e+02
4.357241248293070157e+02
9.028327488622641113e+02
8.416704855420827016e+02
8.498528181153527612e+02
1.324133371982256904e+02
4.309516131080243326e+02
8.476048083973985570e+01
6.430604602413229713e+02
2.953794475477623678e+02
4.023525235024361280e+01
7.683517247538078436e+02
8.057311131241450539e+02
2.835926345959392165e+02
2.972191369831876955e+02
3.030484291085594464e+02
7.660218511189093533e+02
3.178832087018386119e+02
2.068688944778910184e+02
1.539399964768128903e+01
9.648710965359839520e+02
4.929737760959415027e+02
2.240596863394905824e+01
7.309200816998616119e+02
9.762966970199462367e+02
4.266399578577074863e+02
3.135746393591409742e+01
6.361017371179963220e+02
1.422941049002313108e+00
6.522086897295901053e+02
6.398953687067660212e+02
5.661548296468724857e+02
1.114643432099895506e+02
4.511460227463371098e+01
2.323223950107384894e+02
8.514478243398182258e+02
3.209453203581587104e+02
7.344987961074689338e+02
5.888477575639825545e+02
3.901100389418368195e+02
5.609663020460076410e+01
1.200911430291025113e+02
3.246741407957682668e+02
1.390311110895488014e+02
6.880539392168706172e+02
6.928880115615581872e+02
4.565451249737275816e+02
3.785208024751725020e+02
7.671573128439958964e+02
2.279823801867888449e+02
9.480332643424162598e+02
1.599454138905504976e+02
6.187824609253840435e+02
6.432315146986126138e+02
4.309195761058222161e+02
8.343420691194469896e+01
8.996123374827221824e+02
8.001666843788027563e+02
6.759946313802737450e+02
3.374339554549266040e+02
1.328012308364109231e+02
8.958759770148638779e+01
7.553143470635986887e+02
8.204371778553162358e+02
6.401644418705458293e+02
8.994402489929134390e+02
8.532214749939781768e+02
1.571209015181356108e+02
7.503028861159782537e+02
1.133184705367535940e+02
2.150351753776199644e+02
3.349417928985004664e+02
6.656163745188359826e+02
1.720497661632342101e+02
3.836791687462193181e+02
2.422421760441166896e+02
6.171308354993732337e+01
8.256395621081503577e+02
4.274859519629470128e+02
2.620612778661023299e+02
9.152738096839607351e+02
6.986830551002943821e+02
4.607811712891760862e+02
7.964683942543027229e+01
3.906208577026155808e+02
2.268791861493745330e+02
2.866833964831697585e+02
1.724196975560430189e+02
9.935793290310842849e+02
9.587651635828008239e+02
1.647978932270718246e+02
3.433379720871641894e+02
3.283666923508361606e+02
9.676827840956782438e+02
4.033341003884542033e+02
7.276248528160651858e+02
3.256113294813620769e+02
1.549835080281691901e+01
5.405658207011568948e+02
7.098250399150401790e+02
8.941734347163709344e+02
5.226547809797866648e+02
6.835199273459104461e+02
7.725503012176178572e+02
6.148014787734755373e+02
7.483188313095082549e+02
8.853025262306739478e+02
2.348245697057353993e+02
5.473698911297032055e+02
3.914963963232320765e+01
8.613889131341865095e+02
3.028456552497714824e+02
1.234692094270427560e+02
1.756877727331085453e+02
4.348368561502702079e+01
5.066450962552560213e+02
8.591334485348979797e+02
8.205973533629036183e+02
6.234214103829206124e+02
3.768282739288391099e+02
8.179771236494583491e+02
2.409165915148772115e+02
9.812081036049869454e+01
3.083980926851081961e+01
8.255598957710267314e+02
2.396584036773428181e+02
2.757251078910056776e+02
2.215723940399472269e+02
5.863701683623806957e+02
7.230342407114488879e+02
8.932382874529458832e+02
8.996238571520436835e+02
8.526877206600690897e+02
5.120394390127069073e+02
1.217072062826155587e+02
3.431483901574261495e+02
7.830273138532684030e-01
7.230390927219449395e+02
3.461153964098824076e+02
5.603694592380712720e+02
4.409411564492825732e+02
1.009095494196519098e+02
7.565438044754755538e+02
4.698311916885783148e+02
5.129771691861070622e+02
3.226480228972550179e+01
9.855495089379681986e+02
2.165742884926180523e+01
2.866693193740886727e+02
2.554438182321049453e+02
4.686833724781847366e+01
4.927341342949530372e+02
9.536409565016134593e+02
2.605024457427707034e+02
7.870298680567433536e+00
1.879197739076543527e+01
1.041523645900637121e+02
8.228876439925098794e+02
4.652076320902268662e+02
4.947711697507228905e+02
9.001664301789992351e+02
1.047849597210854853e+02
2.996778369197554639e+02
5.377043978925657939e+02
1.418096167285003446e+02
6.621928628039468094e+02
2.920105550625800106e+02
3.813891866454279693e+02
8.823800897995674859e+02
6.249005141309362443e+02
9.647637413818217738e+02
1.335734755641193594e+01
6.791040235462764940e+02
1.492983671739725935e+02
3.736975706644611819e+02
8.853309523866053041e+02
4.196574979092587796e+02
5.425872292568540161e+02
4.770816143151105280e+02
7.856973843902890167e+02
1.692082708113939020e+02
5.133954697528070028e+02
8.017189731213841242e+02
8.112518861416072014e+02
1.808566459192708749e+02
8.291228343513056416e+02
5.470122783324967486e+02
4.411405851483103220e+02
1.622167446395272918e+02
3.047481517586314794e+02
4.697130929841775355e+02
4.033078880598177420e+02
4.059622619549473370e+02
8.874560997472061672e+02
2.770025189981666358e+02
2.686506338363059498e+01
9.025028273353630084e+02
6.200364170505608854e+02
6.165291677946086111e+02
2.055119807919505490e+02
7.837700916737670696e+02
3.563676434088267797e+02
6.059893413517304452e+02
4.615557395854151537e+02
3.626823821870062403e+01
5.582586222273231442e+02
4.279522981976963365e+02
3.581181930772282271e+02
7.070997665916504502e+02
8.363650586473939939e+02
5.813425948803073879e+02
2.099784365970203055e+02
3.331455616579045227e+02
2.862607086454490855e+02
7.059373876760379289e+02
5.592941810888984264e+02
8.530488100581289928e+02
5.021293373236796924e+02
9.827930016024631641e+02
9.402640111007939367e+02
9.736268401212804520e+02
2.654562316568318465e+02
1.145323242606546330e+02
8.396286162449484891e+02
9.054984390842706716e+02
4.027121117060789857e+02
5.793145448860415172e+02
7.451047053154047717e+01
3.587027279770361474e+02
4.482328166721850380e+02
8.483890029027324999e+02
7.953191690617564973e+02
1.651293892686412903e+02
2.723188775759323335e+02
1.423683497643819464e+02
2.880391311311525371e+01
8.465650253697316430e+02
6.266490285079710247e+02
8.211560666946829770e+02
4.308395629816998849e+02
8.087302217759106497e+02
9.540193519518245466e+02
8.235675943568634239e+02
1.787355815210738399e+02
8.154455355192328625e+02
5.705336328640013335e+02
5.150469771386505045e+02
1.362764239231630938e+02
4.212063848439801177e+02
2.107745317107911944e+02
8.468402210506028496e+02
4.109580627530875745e+02
4.515920523389668233e+02
2.424258933841646524e+02
2.974589459891950014e+02
4.209093637121341658e+02
2.252876473426423942e+00
8.822547758491291461e+02
7.551304955964953933e+02
9.785218853273429431e+02
3.310803245654123543e+02
8.607049144894671144e+02
1.605514026077238157e+02
4.282802812669095260e+02
9.887125474629199289e+02
8.673739031272020839e+02
5.153426820020117702e+02
9.630919114627876070e+02
1.448013534237606450e+02
6.809135855954866656e+02
3.105073516952716517e+01
7.639382611433136390e+02
4.589093178758787417e+02
6.391811259652610033e+02
5.900642082522725786e+02
1.345655536606691385e+02
3.643914247932248145e+02
9.136639983284933351e+02
9.467565924089858527e+02
9.860023277562031581e+02
5.340415350895582378e+02
6.646852362373056167e+02
9.177052991246003444e+01
4.881460282594575233e+02
1.129808633924742622e+02
9.335586729668854389e+01
9.711119018472517155e+02
2.627168998279456673e+02
1.089053716777416128e+02
6.548327919474959344e+02
6.939717616181394533e+02
5.109757696696735252e+02
4.542466062784629344e+02
3.879077447824851106e+02
7.634419019490002256e+01
9.670450906296376843e+02
4.691202960979495629e+02
3.671180972183901758e+02
3.825175177731941858e+02
8.114049774738849692e+02
4.655607648707847943e+02
8.171002174638721272e+02
9.767158450939571139e+02
9.060690910332241401e+02
2.262852387880051026e+02
5.440107274693284012e+01
5.591014988992455983e+02
9.643683400623048740e-01
7.637029494073478872e+02
2.966280479268660315e+02
3.515821764459778933e+02
6.805250939009813465e+02
3.003888127931741110e+02
7.032913059482179960e+02
6.456765760954093594e+02
5.322496861001594652e+02
9.037834222435797074e+02
5.528211442909009747e+02
7.788075460627201210e+02
6.355679319282182860e+02
7.212026836290008305e+02
2.566224993517249686e+02
2.017551992500665747e+01
6.266816584304416438e+02
1.949451736737608485e+02
6.112681075491821048e+02
3.054346152793465876e+02
9.471045227970951146e+02
8.318691106883230759e+02
6.524092862337482757e+02
4.059360171562542519e+02
9.966971633232436716e+02
3.948479774950442902e+02
4.347717247077154212e+01
7.474805746064561163e+02
6.859405160624187374e+02
9.750947098444440826e+02
4.303244501199976639e+02
2.089797572900732234e+02
2.064789016165269402e+02
7.002060625827737113e+02
3.623451151702050765e+02
5.314989080162466735e+02
4.413217885619714593e+02
6.081323210478575447e+02
6.233421949554673880e+00
5.712723872886319896e+02
1.912747390359821225e+02
5.912874986314443504e+02
9.609870938945116450e+02
8.391658572796970930e+02
3.468181618264468966e+02
3.105169984158684571e+01
1.760241235474672123e+02
6.467506373915543918e+02
7.043297428519774712e+02
1.595559427233206407e+02
4.992351283860609783e+02
3.213992691393824543e+02
4.317800513998768679e+02
7.591218840923090738e+02
4.890561772798322977e+02
4.875558122640109104e+02
