8.471062573240856208e-01
1.363215501694975407e-01
6.909720599330186896e-01
7.389200029761396893e-01
6.684670643048662431e-02
5.685145713988285499e-01
9.903987197495278672e-01
2.386142827718389370e-01
5.282874019016179368e-01
1.913996092091739820e-01
2.553474204520975732e-01
6.593040075505182118e-01
1.801609535675136042e-01
8.647850198252510223e-01
1.383009809339712515e-01
8.198319349125952060e-01
8.789730137341502658e-01
6.553821909211476893e-02
8.300046713020655664e-01
3.228781151710863329e-01
2.025321672592090838e-01
4.363443175319728917e-01
7.725899141800083303e-01
5.849633541045932139e-01
9.302668855693472238e-01
3.561778548274087131e-01
3.701001437019557638e-02
9.479400308488449278e-01
1.124846982639000625e-01
9.652940937268106314e-01
4.387270780780915258e-01
7.457621970040397841e-01
8.479252060051426509e-01
9.919565051370786701e-01
9.779109193123257660e-01
1.330015470965106861e-02
3.187954890702723310e-01
3.589804019999093265e-01
4.652701880161602688e-01
8.008210289046158170e-02
6.567913912654596009e-01
8.301191101923836024e-01
3.765948316920993966e-01
3.935610767933347409e-01
2.240985338783998415e-01
1.633695658367687598e-01
4.105552097939604295e-01
5.504858979582780698e-01
2.704617697204536597e-03
1.384105470425267548e-02
9.631375012556880888e-01
2.450709701459490297e-01
6.903939050995853144e-01
8.116521567469250353e-01
9.038514738278762284e-01
8.893556168277815255e-01
3.734652106706211061e-01
7.475425246986558969e-01
4.820987303150556791e-01
7.808791500205466418e-01
2.250233718904206537e-01
4.913947124799383781e-01
7.961524609092409666e-01
6.506941773884016289e-01
2.108224306478372334e-01
8.921147718546140748e-02
7.862526738324129294e-01
8.934736579982206495e-01
6.885377066932086842e-01
5.686921970729037490e-01
7.164158260552178081e-02
9.556550783373073399e-01
8.763370051738035293e-01
1.444769377581923697e-01
6.305046473723195932e-01
9.956781745177670784e-01
7.199247737367341360e-01
5.891514068206639143e-01
3.131587596353445635e-01
3.467830993296610043e-01
9.936549247118628969e-01
3.053631954995043030e-01
1.988399494370604037e-01
4.535250124921730297e-03
8.083824733997535539e-02
6.971617567438801455e-01
3.929943622145347648e-01
1.977495867041990651e-01
9.060281005979575752e-02
7.664907215922717176e-01
1.907259577550669549e-01
5.063915571725069453e-01
2.448568389195756589e-01
1.872939831558217971e-01
1.314112021631318461e-01
5.107350727477254493e-01
2.290183650199479892e-01
3.307989625126637190e-01
1.747091080602565238e-01
6.105925781370833416e-01
7.628929595832970589e-01
5.498511521556476156e-01
9.105566487787318808e-01
1.288390643046669615e-01
5.901488111095809508e-03
7.814565476206920547e-01
2.817154575455009802e-01
6.743008291801726450e-01
8.780048958064563536e-01
4.139087425934896425e-01
4.443019017623930367e-01
9.981413810063278769e-01
7.966037313125758912e-01
8.558428521074487039e-01
6.960781100318316206e-01
9.688374092483595934e-01
4.511546437367652818e-02
5.200919590461579034e-01
5.484630167219561869e-04
2.904164534483051341e-01
2.005223048159555654e-01
6.097766424265572693e-01
2.015418315680513883e-01
8.284298418409041798e-01
5.145367058221684831e-01
4.909118059718509119e-02
8.931559322364519549e-01
3.154612788404174140e-01
7.227886112853455503e-01
7.448620491105648611e-01
4.224983506059920568e-02
9.827584597083627305e-01
8.850642471676392065e-01
1.742852715457223756e-01
2.252877143456867293e-01
5.934554500044255665e-01
5.177263365816160423e-01
4.356714186442510739e-01
6.767822560062871640e-01
8.081606779824089815e-01
7.844827507806787503e-01
2.775354823030068419e-01
7.094498164889322389e-01
5.665486423746076694e-01
9.358235085988075852e-02
7.798234670986127215e-01
4.855694024324591629e-01
5.071593031683865327e-01
5.656142471335291466e-01
3.236956524102675425e-01
3.871407256416870002e-02
8.858913925493061559e-01
6.350357454051062112e-01
8.593082379990861774e-01
5.136726357911025609e-02
5.466024387061948486e-01
1.160806797072314600e-01
9.582579615785420390e-01
5.998301704859920758e-01
5.356872161797636700e-01
3.856867748846453114e-01
8.442061505017670608e-01
5.135965455417553782e-01
1.926060673251051014e-02
6.708762155244889502e-01
1.635151299732223729e-01
1.379023875487561668e-01
8.294924377131049908e-01
1.862190680511254248e-01
9.851269150261908747e-01
4.663480192630422572e-01
7.132642659001372509e-01
4.206114125327067299e-01
4.680684751559037737e-01
5.893961372718774516e-01
2.684204847463335097e-01
4.587117893542919100e-01
2.792280380949124785e-01
4.515501935138157563e-01
8.137021806878941277e-01
7.708172661963643701e-01
9.189889649873705935e-01
7.935864068385101167e-02
3.019914418066178552e-01
5.780066769818512640e-01
2.940824985802233948e-01
7.309432731686157370e-01
1.395890623746881554e-01
1.581452552166233705e-01
9.444137006633996911e-01
9.196417407608964423e-01
6.386568226693195571e-01
9.515085236462481610e-01
9.081010436399794550e-01
5.748556784822677068e-01
2.973099751455224871e-01
3.026897564567361254e-01
2.656912259786908814e-01
9.411916212030149165e-01
6.962769957103573937e-01
9.524673943034768220e-01
2.444851581845158828e-01
2.345783036758944951e-01
9.175311541498022416e-01
2.341274099132891751e-01
9.142024993186181892e-02
7.561220388143117255e-01
4.854021603301070797e-01
8.746825688035553270e-02
3.528205079997910332e-01
3.810783745010222212e-01
6.517436699806210543e-01
7.190158956563591497e-01
4.475867465642188181e-01
8.453160031657941387e-01
6.148652159172128817e-01
8.616427557596143538e-01
4.052395648874723699e-01
4.700365507423064360e-01
3.833874705824072970e-01
1.983100962788401089e-01
7.507768248544368639e-01
3.801811586312682234e-01
4.903092123352092990e-02
3.211381373930640715e-01
2.215511415052936472e-01
4.276085243417212522e-01
7.649298613919643941e-01
8.934205345753133409e-01
2.534371412429785586e-01
6.226043548001480854e-02
2.158917948107615947e-01
3.936978797225103577e-01
6.177014259619800773e-01
5.056148170830431221e-01
3.646559270277043296e-01
2.807908102104900161e-01
6.865951849568190379e-01
7.242546076786992026e-01
5.682299439808919939e-01
1.403947429933245505e-01
6.180080212916604365e-01
5.061631714925746151e-01
2.145294286429190178e-01
2.682263283168369039e-01
9.114154268203966680e-02
8.044119886976877076e-01
9.378761684808913923e-01
7.016855651203116606e-01
4.296058164333941276e-01
6.424550944854547918e-01
8.435034388195694621e-02
4.390473985393329448e-01
6.621254255032538172e-02
6.492169847946487327e-01
6.314609592666623472e-01
6.357089126504200660e-02
9.622363449182893547e-01
9.465066783872609912e-01
2.066679702952527453e-01
5.774520666744348274e-01
4.949474339002268852e-01
2.053396817002416386e-01
1.137701405046952496e-01
6.312397836184163724e-01
8.995629906944957455e-01
7.464041974970362370e-01
8.857731428998646406e-01
2.475754617795815626e-01
8.756565106656210018e-01
8.444624909266864599e-01
8.398068900989119623e-01
2.968600843782631671e-02
3.805546406004938209e-01
9.824945735408951997e-01
5.488794101598615249e-01
6.792300988082511370e-01
1.102636720457546016e-01
6.536929762765399943e-01
9.974253366890241113e-01
3.379599176791425741e-02
6.824369433471347834e-01
1.720211160416353913e-01
7.926932510585138481e-02
4.107506853647060474e-01
2.265181473314621385e-01
7.852442129978205454e-01
8.791210832338959280e-01
4.392565087234912014e-01
9.744734949722460016e-01
9.470808751811832238e-01
5.691348045376894982e-01
8.852428676673598229e-01
4.213781301458994211e-01
6.235932642473814846e-01
6.051444913762282773e-01
7.985571979483802041e-01
3.143439085462707006e-02
8.393005779579546521e-01
3.815179276567237654e-01
5.048509732872176192e-01
3.341858425078636508e-01
6.774672063428639479e-01
2.579355113002179678e-02
6.761394257547348463e-01
8.487338520463749703e-02
8.312240694986828826e-01
2.271472895451606133e-01
3.127618127221317712e-01
7.062951293512116369e-01
4.849926093336683897e-01
3.030118678237821994e-01
2.733358109487767917e-01
4.323622014226679022e-01
3.534756146754691741e-02
7.324579449883772408e-02
5.666194981348395832e-01
2.417287876021823045e-01
7.505152030280972664e-01
8.743414927654545865e-01
7.523708686700691928e-01
9.070115028633033427e-01
2.098485068953426236e-01
8.259446982334771592e-01
1.504218124100589193e-01
8.725914696238931123e-01
9.683100785650022857e-02
5.312006513241117611e-01
5.938474227931800353e-01
3.680913079744952965e-01
1.301094195234742124e-02
6.738330563889959324e-01
4.723476422798359442e-01
1.191293987956840716e-01
1.469210118144254062e-01
7.685567819498473341e-02
2.341254708979486621e-01
4.052218201781075946e-01
6.715013494319139742e-01
6.045191659107695958e-01
8.630871677349321036e-01
7.913474797662978233e-01
4.858407729663750674e-01
5.685853854472883162e-01
6.974449737316965603e-01
7.428321291931456738e-01
5.464018597098325714e-01
9.345526247236290995e-01
1.249589378707816056e-01
2.232960903248404350e-01
1.349544042807192534e-01
3.511104461396638010e-01
7.340528586262271560e-01
8.712425730647455069e-02
6.903516937121854102e-01
2.994965151361979050e-01
7.505505851343944324e-01
6.168612976535071679e-01
1.198392810102588690e-01
7.779783922759559989e-01
4.505468486296441144e-01
4.053142863740022417e-02
3.465768225750386344e-01
2.325530870368175407e-02
9.756465980727745402e-01
2.105127358260149295e-01
7.345285374903579578e-01
7.790875303381815664e-01
8.609968457922786422e-01
3.714883988975448137e-02
6.485552454751399853e-01
3.158924849916793232e-01
1.323740754979606526e-01
3.040569925439322585e-01
6.095043639249598799e-01
5.676043415075904264e-01
3.883369785211359115e-01
4.527163087741249425e-01
9.736335845155988933e-01
6.320899778761390753e-01
8.028774762865928949e-01
3.036365471686580664e-01
7.095734874652454005e-01
4.922295840077413054e-01
2.173797658890810336e-01
2.818881833366945200e-01
6.939486890021915322e-01
5.553235184634253141e-01
2.586944760616385341e-01
7.097508624328151550e-01
3.508294918672745233e-01
7.121043994284665946e-01
9.003468457633326816e-01
9.679314940443335402e-01
3.204926702775683367e-01
2.888810166846184080e-01
8.649662426934205950e-01
1.158799064183199112e-01
3.986260637683147756e-02
5.152259948048774074e-01
9.544845322869777160e-01
6.708440354983039589e-01
2.200995567684772558e-01
8.153933548510318152e-01
2.494752499916369493e-01
6.692933919926434827e-01
5.329176458253271909e-01
7.216279201188017245e-01
6.100133737138396794e-01
2.189587318445481712e-01
7.783605579241155148e-01
6.464254618730836954e-01
7.772353770098691106e-01
4.182895254675189634e-03
8.718080758680067932e-01
4.381673253794899914e-01
2.507463338588638013e-01
3.814538246062332272e-01
3.080428047142561576e-01
6.594685384822729368e-02
2.112500497958471612e-01
3.220235282209458205e-01
5.865020976815256137e-01
5.562396722404413518e-01
9.826820916631018310e-02
1.015700330072277779e-01
8.507922543149789574e-01
3.110171306459013074e-01
9.988792142809044261e-02
8.115887250388912344e-01
2.705199988745082829e-01
1.694411714542478631e-01
4.218071428420482327e-01
1.453290327734061416e-01
4.013408718404305464e-01
5.197808425579444336e-01
2.242737219468604604e-01
5.455689835079121641e-01
1.724203909273224200e-01
7.473788102798301081e-01
6.881577512990202372e-01
9.334209869222676037e-02
1.648708316496971804e-02
8.395804309055178161e-01
8.058186697906343232e-01
3.448456740910511575e-01
7.619425110706619098e-01
5.902073564170664532e-01
6.745439506782807682e-01
7.898507127740681533e-01
8.194383516934955480e-02
4.959948374766618429e-01
6.967394338692876055e-01
2.356593670712292532e-02
2.880708590072078579e-01
3.952441770137118393e-01
2.135170517417190883e-01
6.198125014233998309e-01
3.682136759996329500e-01
7.781385681390740050e-01
6.901998721120200520e-01
8.924687473460102272e-02
5.300043221598571552e-01
6.604824893802168084e-01
1.686820515676580312e-01
3.998993879961143527e-02
1.319106851664419988e-02
8.681996100814473039e-01
7.478042486103846365e-01
1.414798227824808352e-01
9.438241668923293970e-01
2.321935455784078783e-01
4.227566019687291066e-01
9.494124981605026603e-01
6.321666931278641099e-01
9.315673335490182172e-01
6.754245659840829585e-02
7.103563909377968999e-01
2.937628434393679822e-02
4.954757680337673609e-01
8.372803675125367606e-01
1.124477833444703645e-02
8.860028803851678347e-01
5.882245513364537937e-01
2.317575286120776568e-01
9.247672016748023083e-01
4.036323499029429440e-01
8.385419626524710512e-01
1.258737585244752433e-01
6.002392097261544102e-02
8.738197793277342473e-01
6.173925211561230864e-01
2.957857347416612548e-01
6.987744849350348009e-01
3.874059731730778999e-01
7.786422197566036374e-01
5.432171766913262978e-01
4.528703493639265609e-01
4.178779852578888843e-01
5.477648515552427932e-01
2.577593806994628034e-01
5.353712345754663149e-01
8.750324481310067792e-02
8.663568650214569233e-01
5.450703714076742257e-01
4.477688481380632801e-01
6.611469740536193296e-01
4.882848180935861482e-02
4.000125806897961711e-01
2.064787818803910380e-01
6.358746208464479688e-01
7.118947968787843195e-01
9.994176672692129948e-01
1.080783286133812915e-02
2.908449410747471209e-01
1.740285754054535783e-01
6.160241286604476452e-01
3.436241917147574432e-01
1.729813652072914598e-01
9.660550668145968523e-01
8.395252243601587505e-01
7.167811539029559365e-01
3.762165811252227154e-02
6.377629316035559048e-01
2.544383324855536976e-02
3.483718513734991307e-01
1.246269921088776211e-01
6.283615626011587185e-01
9.874498747721016656e-02
5.927863107324456982e-01
7.047310358674115927e-01
1.533311038746831834e-01
6.142403555710207463e-02
8.477849517602357166e-01
2.485527216039422616e-01
6.614883870759843409e-01
6.932232285184921627e-01
6.319910703256829132e-01
6.391925955507434809e-01
1.919804282734034473e-01
6.078475592963609175e-01
5.618177521593570312e-02
7.781903751367770239e-01
2.583461956151976713e-01
1.425026808983425042e-01
4.152600390832847932e-01
2.878584965886302749e-01
9.040007295806199439e-01
5.474220323479572770e-01
6.386799140975530920e-01
7.302849609638706330e-01
4.612007287787334153e-01
9.202650960386042911e-01
4.532596632030788664e-01
3.781836524578261471e-01
1.116479933072722641e-02
1.882077390588354771e-01
2.293010878555821197e-01
1.432874517544228121e-01
4.042262532415495935e-01
1.089099896397930367e-01
4.196475643867874084e-01
6.439423798871913851e-01
4.882368146516361529e-01
1.302941383059076363e-01
5.519352363719526311e-01
1.800532774736851582e-02
7.161115895794584185e-01
2.953844400167319195e-01
3.443155584339968600e-01
2.902986210135780620e-01
3.698424205154693389e-02
7.051722959413221359e-01
4.557401370003580920e-01
3.889731145489684350e-01
6.400538128608740385e-01
3.652975488672617344e-01
6.762069763796829669e-02
6.794601762795194899e-01
5.930973260628106258e-01
3.381352139555025005e-01
9.332471314895762760e-01
5.103715569851793310e-01
9.584938255224850767e-02
1.070144476051028137e-01
4.577980012497850915e-01
7.225422879717278146e-01
2.040042859420053700e-01
3.729486566001932735e-01
4.498231817431334045e-01
2.512311893743973679e-01
1.141994783929884960e-01
2.688671638315094370e-01
6.938075476468971159e-01
5.530364182369682524e-01
7.927629228735662004e-01
2.249667781811475198e-01
4.379685796961794164e-01
8.799887834301751699e-01
8.228746122024004350e-01
1.312750543011130810e-01
5.353269537924865151e-02
5.396476117196550293e-01
7.308380474562398144e-01
4.376362466906910109e-01
7.091142479265574172e-01
2.279380856410927469e-01
5.017245848493513405e-01
6.782457602364844185e-03
6.769840701851598253e-01
5.142919688545356527e-01
8.446421973900793967e-01
6.857203374163866050e-01
2.854662925062139145e-01
4.925991709364041515e-02
4.877325772534699677e-01
4.879809547139304371e-01
9.315916996499641334e-01
1.733929901563840970e-01
8.887256084660367650e-01
7.958661837904138503e-01
7.902501607097769387e-01
2.234286982071620464e-02
7.056245532554894506e-02
2.101841467612470815e-01
3.711252955703366885e-01
4.613087704246209286e-01
5.165085209502386920e-01
9.045089731228722618e-01
7.354909175616738404e-01
5.477965272166229749e-01
9.242828913688697634e-01
8.806249841179709659e-01
1.472729991693747520e-01
8.362824802469204233e-01
5.975236870521367649e-01
5.779410204244903593e-01
8.056838599207427620e-01
4.063781791362288676e-01
4.965443203761397140e-01
4.200120355218586177e-01
6.972007867053194863e-01
1.466937506241468014e-01
2.400237915614263917e-01
4.027508129798621495e-01
5.646827221046530898e-01
8.131993344221933873e-01
3.524607972429188996e-01
5.053343724878922583e-01
9.144988935368446592e-01
4.902081962295850026e-01
6.346110783987958248e-01
3.355752363521277148e-01
2.190699511070420824e-01
4.573916463680385291e-01
4.701408206185213601e-01
6.130432453595379139e-01
1.913844886541362644e-01
3.875124931174446230e-01
8.341447160125383675e-01
1.312452109754884688e-01
8.125846384889063856e-01
5.538909173787788243e-01
2.410126073179774675e-01
7.814414350356218009e-01
1.633567703296956442e-02
7.321013802335185616e-03
8.452373864578064389e-01
8.043265670147649038e-01
9.659973526745029293e-01
5.215961252768589462e-01
7.457108157050817976e-01
3.720796901114240551e-01
8.387221817080232622e-01
8.296502754044677852e-01
6.276591989368390800e-01
3.714532264558385588e-01
7.779021500608670481e-01
2.423506163168477334e-01
3.453322219632449785e-01
6.855877729680514010e-01
1.860604585093245111e-01
6.220498123817336245e-01
3.193697235786885358e-02
8.630870737793470138e-01
9.656422735875326291e-01
8.862515241234973917e-01
4.058457777091188934e-01
1.468245215673167348e-01
1.180580915206236314e-01
5.691149076380930261e-01
4.100328709403344707e-01
1.697766138458579599e-01
6.416788186836159813e-01
2.032053597621751306e-01
1.631783211718726978e-01
2.961974687136209594e-01
7.835924466435848501e-01
3.397770325637546884e-01
7.917444277167232647e-01
1.274527779840359809e-01
4.437569886709432643e-01
2.651655410642791422e-01
5.557454573108911999e-01
7.513301700623979951e-01
3.210517668474744957e-01
5.714656257811282503e-01
2.881934635502081399e-01
8.639718723836864456e-01
9.094888342448236296e-01
5.365763073883539347e-01
8.655302115147760489e-01
7.663143137117749415e-01
8.446139490847923703e-01
6.447422550153755205e-01
8.424568901198093984e-01
1.419468652846065382e-01
1.214752300136046070e-02
1.371267750564997279e-01
3.797293533351200345e-01
5.158335821896243845e-01
6.186754102468751126e-01
3.097466346330550735e-01
3.228723679486619202e-01
3.423298206823188750e-03
5.426738982147749635e-01
7.641484884663966026e-01
3.206086111788799542e-01
1.645785188578074987e-02
2.376770902967739740e-01
8.041821737583406682e-01
3.903225635136123861e-01
7.748214587567924250e-01
7.450526079920781752e-01
1.550262921008418449e-01
8.233796721861675882e-01
3.501418858356321051e-01
4.633758973609585219e-01
6.145489857579676807e-01
5.326711311503181667e-01
3.379248307965260212e-01
9.060022988302369740e-01
1.942909293812009608e-01
1.730062570564717683e-01
6.386563717092581527e-01
4.236111938886298889e-01
9.926457050671319005e-01
5.891017859758710395e-01
2.197471728906547073e-01
1.398419564946387084e-01
2.948354385788091170e-01
9.416639069408263563e-01
4.311129405806095605e-01
7.983559816675296350e-01
2.012126426128313383e-01
8.193791611404783737e-01
4.628530133313633055e-01
6.400580731292226933e-01
5.502003614912533980e-01
3.005526513423493196e-01
2.564709013017866246e-01
2.259073592256640728e-01
4.430775409202712956e-01
8.545835124964715757e-01
7.085236194172180868e-01
6.676119183525432987e-01
4.715036000784339487e-01
9.095760421116412253e-01
8.142529610760964598e-01
5.879962086896094453e-01
7.442853597307808045e-02
3.620381196529424139e-01
2.722717719637445244e-01
3.267300568703419561e-01
1.878134518055605273e-01
6.594373131394866139e-01
3.331468498164620318e-01
4.605769072451521007e-01
9.417401896830609465e-01
1.354608696948421676e-01
8.821476071914620132e-01
9.617247475193879680e-01
7.911138408178796100e-01
5.764328567410083037e-01
7.115053307084584500e-01
1.116244769898532274e-01
1.262289326520800170e-01
1.805554224779307715e-01
3.361550625504334811e-01
4.915906478780185385e-01
7.521549414469030914e-03
7.696229782663566166e-01
6.245478613892785358e-02
8.269026325554612589e-01
4.882112570176979638e-01
1.193137294368953327e-01
2.323777485102929141e-01
5.201014409656742332e-01
7.535626413254191691e-01
5.310819539136479861e-01
8.857936397045254040e-01
4.940681972371763209e-01
5.185080675070941059e-01
6.832749399898804255e-01
6.263822107095546876e-01
4.071813258608176778e-01
2.523691004952400840e-01
5.357926473830053604e-01
8.154204020889845861e-01
4.686855253266868360e-01
1.968156391994048127e-01
1.663024522593112842e-01
3.669813810569242385e-01
1.748905065168481210e-01
7.090107677364936301e-01
3.658982772756522728e-01
2.123000235564826976e-01
7.724258391161832327e-01
4.163947536535803629e-01
4.722895221287656264e-01
9.987269969288057325e-01
6.865436249013434633e-02
5.701533194201839905e-01
4.617244487782773410e-01
9.784545626908770499e-01
9.206153251925786041e-02
5.102450588254457964e-01
4.193285301892988315e-01
6.581299366115975769e-01
8.777085968524472870e-01
6.892697257914930375e-01
1.150891476376515454e-01
3.632108142864962641e-01
3.367489564945317371e-01
2.686401857986610020e-01
4.775389528376354775e-01
9.109622477011590780e-01
8.485837531899896868e-01
3.739568098661441020e-01
5.149191209357290022e-01
8.362656129642181968e-01
3.112564398099348928e-01
3.862102212208627927e-01
6.698749967235877456e-01
3.748821152805388301e-01
1.054301976476823555e-03
6.048815723835613278e-01
5.447819508017848200e-02
3.209393541428416929e-01
1.231593392163954359e-02
2.985762789393522354e-01
2.699227639720251926e-01
9.573804303308997010e-01
8.959497596424654819e-01
6.519213539751014252e-01
4.063315270716553185e-01
3.206440856088490499e-01
1.347873401450979669e-01
2.085401549898792117e-01
3.551596798437277602e-01
7.362539205854460311e-01
8.655266527572897939e-01
8.174344842969397673e-01
5.697974203255107284e-02
9.056433489233013390e-01
1.391070886735255030e-01
4.922106917181401364e-01
6.832277350840714192e-01
1.840845327244712282e-01
8.384121102239727730e-01
6.404139694146411266e-01
6.348647830655084201e-01
8.730392008287946037e-02
8.314163201442880125e-01
5.560319313779152894e-01
3.942514156106031731e-01
4.321021751084678231e-01
1.623118288928372399e-01
7.845397030187681864e-01
8.266600971311632851e-02
3.860389084813556915e-01
8.766821892583780418e-01
7.127502414416817533e-01
6.270993811522584949e-01
2.934073491592777971e-01
1.747439811904193396e-01
7.420242550081955768e-01
7.876795513497414358e-02
1.040654192340245698e-01
1.156907438824134049e-01
3.672881232633741222e-01
9.774680483917579377e-01
7.737918104928004359e-01
4.946626532947883126e-01
6.521920954171683826e-01
8.693426323494739538e-01
2.180245522807616743e-01
5.397332642216365883e-01
7.256122406847321793e-01
2.240150878706352877e-01
5.498833965041051153e-01
6.700741859422554292e-01
3.023090567902542158e-01
7.976019017561009061e-02
5.963457314244193785e-01
7.483898694363309012e-01
7.192409213350088315e-01
8.429927709778199940e-01
7.808464205579195294e-01
3.776574581002050124e-01
3.174593332944444235e-01
6.317033288653708389e-01
6.121259254814668260e-01
8.024601621897031745e-01
1.514530630639917552e-01
2.908719264062253895e-01
5.700797490338650464e-01
1.526845955326502358e-01
6.760398577955432087e-01
5.370222911641875374e-01
9.838729369178164097e-01
5.929966986842060139e-01
8.022457219272899342e-01
7.710620109381192133e-01
6.554316068114434124e-01
1.496262335333287119e-01
9.703262840080257856e-01
4.646825952017216155e-01
2.791301007916870969e-01
2.357099001905241797e-01
1.010663970410821122e-01
4.278415598440835632e-01
3.538370825239744999e-01
3.811067554895962717e-01
7.492403268933282012e-01
9.932138034300065366e-01
7.331315895521034465e-01
9.004242028805398146e-01
3.591514548675922569e-01
7.976623563036177034e-01
6.295044531949545163e-02
5.085057333803374435e-01
8.006425786855343452e-01
6.912176627575150611e-02
4.120975698060898029e-01
3.728237137407671709e-01
8.570831524845942129e-01
8.437861889965991846e-02
5.188805897390501576e-01
8.870969757696522962e-02
1.412986365213760864e-01
3.863993270137615621e-01
9.077600969514232343e-02
7.503631576130588288e-01
4.325458963204897866e-02
9.242565833580154155e-01
5.693362509522967851e-01
5.837520654808372456e-01
8.193379178180194566e-01
4.173087184210432232e-01
9.977843022349397462e-02
7.350670665977540041e-01
6.170112614959871733e-01
6.012578124890598508e-01
4.465516825111248700e-01
3.501042450065726674e-01
2.946991455608442001e-01
4.941414488989781528e-01
6.483852770529465737e-01
9.681555918315026821e-01
5.359979798793775840e-01
9.086980379058799961e-01
2.518915475944772941e-01
7.658773311925418659e-01
6.418113744796236642e-01
2.557594855462996808e-02
7.380707920066565952e-01
6.690037032243491000e-01
6.817095053116795089e-01
7.907759367444844312e-01
2.233705765428773971e-01
4.309785030813997331e-01
5.565032387397046421e-01
6.149707392221204216e-02
7.813159112029928188e-01
6.984157870435104831e-01
3.559132943714171660e-02
9.141166022237550148e-01
6.222151852103449121e-01
1.755074069345690102e-01
6.464752968328464355e-01
7.719993732338841230e-01
7.988415855744772642e-01
7.833135792566954247e-01
2.754263168642523407e-02
3.776683788752139836e-01
6.154868386290368587e-01
7.544344961230069480e-01
2.980148437565622865e-01
4.658970738252943278e-01
