3.065164694358407660e-01
-1.030819932502602176e+00
-1.379791921625943329e+00
-9.588190268714940068e-01
1.809955538232789429e+00
-1.551495034188394850e+00
-1.506006037901308492e+00
1.683385448247894656e-01
1.421505397040733421e+00
-2.817120819184188552e+00
1.495607274194983516e+00
1.573996035131569604e+00
1.998201399612554163e-01
2.149830426020719276e+00
8.667597130322185484e-01
3.578925360949627432e-01
1.061666755006780205e+00
-1.866727680735099204e+00
-9.766097927320929184e-01
2.072593391642144400e+00
6.973670234267914658e-01
1.391609409313621093e+00
-7.763290487501270931e-01
-6.885973092715945709e-01
1.674874422596666912e-01
-1.240916367096503770e+00
5.970944690447250736e-01
-4.278114412441288983e-01
-1.014075963977118855e+00
-8.815449203528580302e-01
7.897133144622262568e-01
2.659850053887813925e-01
-2.305696813364686570e-01
1.338733409144070796e+00
-2.263653488795089319e-02
1.342537810039374113e+00
-6.568541696154716059e-01
1.015949260604952498e+00
-1.071229597552113555e+00
-1.719124251849045992e-01
-1.264140132173309450e+00
-1.327899010681929282e+00
1.977791874210823808e+00
-3.734148763159511608e-01
-8.203466533609393707e-02
-6.613128128162006070e-02
-9.175610851389246481e-01
5.072336549721396803e-01
-6.704483130919828282e-01
-6.323673393064865866e-01
3.887907313748434346e-01
-7.151717862563152783e-01
1.170342564662723239e+00
-2.030448447196064432e+00
4.658028582852105637e-01
-9.269497289671804197e-01
1.952697919170028662e+00
1.593441708820879432e+00
3.165440084285575661e-01
3.611132730783485623e-01
-1.001491163234720927e-01
8.341731330602000227e-01
-9.078105274215245157e-02
7.450446536673545062e-01
-5.353906396641988641e-01
-1.248358794765592306e+00
-2.107995809512520413e+00
9.445072712640733004e-01
-6.974106761155229872e-01
-9.698017390216158162e-01
1.018351214906090541e-01
3.044495450018811205e-03
-5.489842012183578923e-01
3.010331474044184441e-01
-3.183796900339035396e-01
-1.362211227218376397e+00
-6.240742148269076139e-01
-1.696594919343168417e-01
1.544269687335716235e+00
-1.935175931733163823e+00
-1.851319104435837692e+00
-1.196172827064681948e-01
-1.525038537553963680e+00
2.034795728322142061e+00
1.191055695220904598e+00
3.199245245372486779e-01
4.555612139507310143e-01
2.085958250577599316e+00
7.630505393214138954e-02
9.513154864101276420e-01
4.815406793809997033e-01
4.490515323363948874e-01
2.486376764346368007e-01
2.103609117774074999e+00
-5.911208139574710696e-01
-5.164424826209495362e-02
-2.280936406307072228e-01
-1.042510811666274462e+00
7.209390782308185142e-02
5.797890003313124208e-01
