3.755483323777998317e-01
3.959160968131656411e-01
9.051516067588688541e-01
8.260593091195002069e-01
7.190031489034983680e-01
6.504774958683684494e-01
6.383166553502849228e-01
5.384891045885586980e-02
9.188782331280009874e-02
1.729622614041289586e-01
8.450491108515874039e-01
1.651174150973118149e-01
5.806405522382788176e-01
6.786752435660747818e-02
2.896434490153079189e-01
4.278162860659523448e-01
9.151653811789356441e-01
3.738744061646337435e-01
9.369705417076026333e-01
9.389213864515539854e-01
3.971977939666585522e-01
1.128458985292224437e-02
5.862721167908941933e-01
6.652424034659112362e-01
1.834143131410378436e-01
6.036442500554642931e-01
1.282349516200802508e-01
5.944426853905558916e-01
2.247333526512442781e-01
4.978730429566881055e-01
1.643511287317372949e-01
5.891104302860070696e-01
2.900492258748782470e-01
9.131748925056895061e-01
8.002827460647455871e-01
1.373062770453380432e-01
9.300872735847777184e-01
3.739642901292798971e-01
9.048144037268704976e-01
6.464881421219483837e-01
4.485632296162780364e-01
3.267089902745450303e-01
3.805907284756793185e-02
2.714094919271726747e-01
2.633234395840494679e-01
3.293378278006070525e-01
8.800541614867817275e-01
1.660505858630860754e-01
9.082647306432830581e-01
3.485932729303717892e-01
1.873660254503368705e-01
1.177696698282759691e-02
2.660047597498664818e-01
8.056983035468315846e-01
1.895246236155577746e-01
4.609125567443802529e-01
5.001528118732259109e-01
3.695585492406194827e-01
4.355011688140306703e-01
6.763384461941068793e-02
2.168715380570970241e-01
2.432560844238996767e-01
5.836085267896118367e-01
6.129194899067583746e-01
3.263083487254205828e-01
7.305992155090119677e-01
4.388151189232609717e-01
2.976967499595850608e-01
4.513895163112513487e-01
3.513094572528124848e-01
9.680164474956193255e-01
1.804059372194468658e-01
8.627945797315011989e-01
8.354197943511397773e-01
4.583778808527568804e-01
2.915313236780024964e-01
2.659982414897228420e-01
9.845705799659912882e-01
1.106052906512999812e-03
1.893326667996303447e-01
1.394567830468398384e-01
5.960855689844335448e-01
9.249846636412828449e-02
2.877580017063128270e-01
1.438673929664355811e-01
6.566630154247427020e-01
4.521949172334376321e-01
5.559932896197461449e-02
2.521343129837352315e-01
6.992721333627839320e-01
8.689118158929535207e-01
7.589374224500966548e-02
4.292180524897363236e-01
4.093824413765467796e-01
3.969996325184133035e-03
2.938203046624114911e-01
9.564076873278598567e-01
5.618282115741969340e-01
7.311570862524584546e-01
4.672232549235165733e-01
