4.184803060974401356e-01
9.474781689423867892e-01
7.541084472486462298e-01
3.510367786489578812e-01
9.492549675278527666e-01
1.520375249214300784e-02
5.486049605144425190e-01
4.733164404544043524e-02
8.162325456668917401e-01
2.398565627557778246e-01
6.007669502959754881e-01
1.224849568864007088e-01
6.808495897502128136e-01
6.549130756995490410e-01
9.432774298743858976e-01
4.146096740352411825e-02
7.973750939226812440e-01
3.688258731214825170e-01
2.431259520893218617e-01
9.257465268890546772e-01
8.463082585737746744e-01
1.912367972885311573e-01
3.575345648146643907e-02
8.377978678228150677e-01
9.421934276319243740e-02
4.930380203232406222e-01
2.116664974226408757e-01
3.560448030054360613e-01
6.144913127260398511e-02
9.375479289276893446e-01
9.009752723658689399e-01
8.466205838240887793e-01
9.756826293059702726e-01
3.088663369807861381e-01
9.013921632211977508e-01
2.524541129832406083e-01
2.540175910961683936e-01
8.065552176014856300e-01
9.117793435452153927e-01
6.660475920537192174e-01
6.306657602678348296e-01
3.061134875629105689e-01
6.046779381253631902e-01
5.220281854007434719e-01
3.384269264437278490e-01
9.558379493087933998e-01
5.971750698095464882e-01
9.272622925999087773e-01
5.838002282424441525e-01
1.463890188594159092e-01
1.490583133978677921e-01
9.806841453996106850e-01
4.397649622483212895e-01
7.248601139630871382e-01
5.426546439920981735e-01
5.403050089726116889e-01
7.519626653199129596e-01
9.173727638918489635e-01
9.075824883538067267e-01
4.192667694923086774e-01
9.755431138360470822e-01
1.915061550866978823e-01
7.379755440033829439e-01
1.411973263823501634e-01
7.802901807747365526e-01
6.264014644414055422e-01
7.273487256474766571e-01
4.906812552770809521e-01
8.724524907503597992e-01
9.763697890941401836e-01
7.744556722418693973e-03
1.910743495324078722e-01
5.141554632612362896e-01
8.892799871380842047e-01
3.294307286022329917e-01
3.624782269298261195e-01
2.352132925323027202e-01
5.404851087048219149e-01
3.900124148056742790e-01
1.531576896650503894e-01
5.768419245002240903e-01
8.597205743565774494e-01
2.630199113668574284e-02
4.722977166946963345e-01
6.940007372450069933e-01
9.107790599469894888e-01
2.059846979684756274e-01
8.838828764833184248e-01
5.435967033034315721e-01
2.891843678404559803e-03
1.344094912396363029e-01
2.340492975776642393e-01
3.501425385217310504e-01
4.380985167836817240e-01
6.617845040215626362e-01
8.251282592213102784e-01
4.624068320784326946e-01
7.535945253054280313e-01
6.117941385106604457e-01
9.993658587043252606e-01
3.571448861579294975e-01
3.692825180207415237e-02
3.967440771101450325e-01
4.543821110506642835e-01
5.215358831728439393e-01
8.780405762533580738e-01
9.464011021605588381e-01
5.261220711865772781e-01
6.547187619793152225e-01
9.768626904635869801e-01
8.073651999918712852e-01
9.325233473118887950e-01
9.728501185168214604e-03
4.320319624178788898e-01
1.864975692647726779e-01
6.280786800723777707e-01
8.647232148349121017e-01
1.378658168449043986e-01
3.645067618266280007e-01
5.003039268964228903e-01
5.459279487586583546e-01
4.476989898445962179e-01
6.554066133942303418e-01
8.141330713924010976e-02
4.163967095951077724e-01
1.493011750873975974e-01
4.998165966592508225e-01
1.026018909921608824e-01
1.179250704213122836e-01
1.812220302821264672e-01
8.051912542115592375e-01
1.542395281077031388e-01
7.304570747639737016e-01
9.586675368504046224e-01
3.962616830434876336e-01
5.867517835426249162e-01
9.309106579573197537e-01
1.766437783026125752e-01
7.495652880837508913e-01
8.809701219385840387e-01
6.611938394253430440e-01
9.610214392592132393e-01
2.864610771539152223e-01
9.269688382221608070e-02
4.269018280346298377e-01
6.925662305800546203e-01
8.667912272806388430e-03
3.926279990704764078e-01
9.138149190004288824e-01
6.718109331200092793e-01
7.687218829828122990e-01
8.787118465552228308e-01
6.691940964489058175e-01
8.983341416643808586e-01
6.898860036403524632e-01
2.610854666660037404e-01
9.003422142337843548e-01
6.310132199635527517e-01
4.138190087481240509e-01
9.090776510790632425e-01
1.433748026076804294e-01
4.622318235655562546e-01
2.459295849277332024e-02
4.901130164298961311e-02
2.649313543246023528e-02
4.215933923011394580e-02
1.401451305148164739e-01
7.035910336281858690e-01
5.486209980246291584e-01
1.778580255605698435e-01
8.535879850309981975e-01
5.088617008005944520e-01
8.058811015069010653e-01
4.707789322826422262e-01
6.911840665504265235e-01
7.845742553411721998e-01
6.398272866547529691e-01
8.530746211904141063e-01
1.810090425866582864e-01
2.008209298863092851e-01
1.036998870479911572e-01
5.623010844375901929e-01
8.361024880214810162e-01
9.377886084695353786e-01
1.533632856298109415e-01
8.330518053686292168e-01
9.549283409382069987e-02
1.501954172335295823e-01
9.349923548892262737e-01
4.467487032965663518e-01
1.070106770161879384e-01
6.934139756772699226e-01
6.834921619481856281e-01
7.288632790998254007e-01
8.252367423991949780e-01
1.832414961623041183e-01
6.869439477788923387e-01
3.068897752885373365e-01
6.818203920668486351e-02
4.090284603058784718e-01
6.254636026047372122e-01
8.164930595778829847e-02
4.738676196912116056e-01
4.403967580117321701e-01
8.371121621370160026e-01
3.563526954564218974e-01
6.970390460425900381e-01
3.035876432501635191e-01
8.259919430335858070e-01
2.217982459630575276e-01
2.854241545254485590e-01
9.997980266701663732e-01
1.766032207449955704e-01
7.591588868496540465e-01
7.856991975332201505e-01
8.540591399310055731e-01
8.306783138204253403e-01
8.322569138307998049e-01
8.587466678778774565e-01
6.504672607374917259e-01
6.441639181999642139e-01
3.516885071662434470e-02
8.335900199104677721e-01
1.006804020540001954e-01
7.101458325630248813e-01
9.133315245723511167e-01
6.975960149740145777e-01
7.844147591257258911e-01
8.149702292448377516e-01
8.720009737099509994e-01
6.172577158240633022e-01
8.498179387378994587e-01
5.526801401299940020e-01
3.930112496863817917e-01
6.558378454709653527e-01
6.643394694400160949e-01
5.065881244126043681e-01
3.076042465456676478e-01
1.328114196127005986e-01
6.059296055722052099e-02
2.645169844522885505e-01
5.400695799084942461e-01
4.848165965104467290e-01
5.199975110487502494e-01
2.041945527294916074e-01
2.965545624876175790e-01
4.905249485582466873e-01
3.398486242737303042e-01
5.406659386982513027e-01
5.309539864177452717e-01
8.523226399579293400e-01
7.956785113724809122e-01
5.063870777800648648e-01
4.166567806816320330e-01
9.176323698089329239e-01
1.369397188050255343e-01
5.719275059666951710e-01
7.784475521830883649e-01
3.459131448627409400e-01
3.800115753206492197e-01
2.913112970185148809e-01
1.108362621594413122e-01
6.166611509122943424e-01
3.042468544198284608e-02
6.730004554444984910e-01
4.338595825124546002e-01
4.117687105396694580e-01
5.453985533567915489e-01
2.070629480586007043e-01
9.597552927589516614e-01
6.281317354574906808e-01
9.432458287156886279e-01
7.694483717833106029e-01
1.126708605314792333e-01
1.437276600056947018e-01
8.919075594735806911e-01
3.909171674429416932e-01
6.346706371828565452e-01
8.971097071345828233e-01
2.369244501182707907e-01
7.620150819018101096e-02
4.430905520548727994e-01
8.319123708320850241e-01
4.479585649337872733e-01
7.649654650128970834e-01
1.723473320985124957e-01
1.035280285107331721e-01
4.471552570844861130e-02
9.355275372814062518e-01
4.389969144343359719e-01
9.643885405494908580e-01
5.765787221293168230e-01
3.206819787182350057e-01
6.899508385026648094e-01
4.915466387180743579e-01
1.960185772754411415e-01
5.826223821541715031e-01
9.008919016636500743e-01
5.467208027677697979e-01
9.184690765901397658e-01
5.144264812458850811e-01
9.979288609183126768e-01
3.229409344715215013e-01
6.321299372412155781e-01
2.720861241701447719e-01
5.898317353335312818e-01
2.059200098135927082e-01
9.010520201293725773e-02
2.344990408112956892e-01
3.064176925045423161e-01
9.580377280161352926e-01
8.729161522632792325e-01
8.342968051366161930e-01
8.710710454622782040e-01
1.524301776457254176e-01
8.745809771375245845e-01
7.492750432069145150e-01
2.685292921019626355e-01
9.013895039124912856e-01
4.038346412651760975e-02
6.996432414922902909e-01
5.036261266369673750e-01
2.641896661927204404e-01
7.285977142420512198e-01
6.176188009128898981e-01
8.399378671059346546e-01
5.986637783073536223e-01
4.957460115337557482e-01
8.499940169426556391e-02
2.058591948169627983e-01
1.295676417154345561e-01
4.925019778808967796e-01
2.884444835217481184e-02
9.177754481632908190e-01
7.239483571110003624e-01
3.072370197146194748e-01
4.519693121567334160e-01
6.047862963016051863e-01
9.607142314611427647e-02
6.396138114044760403e-01
4.553390540784336693e-01
6.268385523714575802e-01
1.373019552089859152e-01
3.795495135345270388e-01
3.711216429673477313e-01
2.056109438439924775e-01
2.117626384926230010e-01
9.881106865654997184e-01
5.688324083246953933e-02
3.021736690785814528e-01
6.447684520060089630e-01
8.956858067374333654e-01
5.582099321046479767e-01
8.071234392542250280e-01
6.393290379369104270e-01
5.958523124514061298e-01
5.604245441969224473e-01
9.200965398775171611e-01
2.409630618111008316e-01
9.420835471816770834e-01
5.987471335842857734e-01
5.980959250180852838e-01
9.368385254165439990e-01
2.087050676283624950e-01
4.190172096434298110e-01
2.281701708466096212e-01
5.221178102685924971e-01
6.576824725564675012e-01
1.029940889264425730e-01
7.508489301643476166e-01
3.697833575289148911e-01
9.338532437077409210e-01
5.852540896278510818e-01
7.851984234184202771e-01
9.583595904387754993e-01
3.262353073801790293e-01
1.751428227507845214e-03
6.508485527126458559e-01
3.443318325453366135e-01
8.875936243363151679e-01
6.665164096273826777e-01
6.983197343103926258e-01
6.192967911629027045e-01
7.204057264537624405e-01
3.098048366512461405e-01
6.342269151552081263e-01
7.926142784718293033e-01
4.032341801343382048e-01
3.414887820492883419e-01
1.080184323220934051e-02
1.979166722570145920e-01
9.852902398654005411e-01
9.754480472081716869e-03
7.506938942828429440e-01
4.872473086755868543e-01
8.727110717632109438e-01
8.031419965724949650e-01
8.424835847967548919e-01
2.088417383419602924e-01
9.607234776626747408e-01
