4.207499046591151905e-04
-5.357468979291529781e-05
1.193826172573293998e-04
4.189232808594547529e-04
-2.270569525414491217e-05
-1.144383348479917594e-04
1.720014474182790976e-04
1.571029691345429287e-05
8.222565216013061427e-04
-1.514280556392670119e-04
8.335501453703380139e-04
2.126012091762752385e-04
5.894388654884306694e-04
-4.603287872692816545e-05
-9.389747003898219575e-05
5.548806706524398325e-04
6.400548407324614403e-04
1.200203955406473880e-04
3.397057242890636625e-04
-8.835649145600836833e-05
4.064859802257783628e-04
6.972105774972705726e-05
5.538540786960467494e-04
4.078488365271418703e-04
2.379642850724153946e-04
-1.255950581382581096e-05
1.712554904312587679e-04
4.189194356314055335e-04
-6.220105176768945588e-05
2.501267114502082997e-04
-1.240133054964680360e-06
4.783342510913915122e-04
-1.565877008695077451e-04
-1.044610592810352282e-04
-1.088414632562512005e-04
7.646476857724041672e-04
-8.190697864299647298e-05
-5.208217945541992561e-05
2.461933912990331257e-04
-1.071099122743463368e-04
8.287824462808929856e-05
1.057965890183205291e-04
-2.687219220447055991e-05
9.954545324261583920e-05
2.552838053565068812e-04
5.756354502157882752e-04
1.151435938248391466e-04
6.993124660421111546e-04
8.231832762865326156e-04
5.114725382219818600e-04
8.199015377313018105e-04
3.771489208561803184e-04
8.288156850368333557e-04
4.390946396289244322e-04
5.045623179395055183e-04
-1.566067273699251394e-04
7.535665454677840068e-04
4.232433057041685358e-04
-1.645396085635483546e-05
7.255142874201519348e-04
4.226398870738180911e-04
7.715488403556379883e-04
2.301269174039672586e-04
4.799371465281584721e-04
5.213773376320018438e-04
3.372605623098201598e-04
1.341004711007363090e-04
5.588251355376761247e-04
7.802796832844936976e-04
6.630798848361390500e-04
5.635645493888412913e-04
8.250133048729675666e-04
2.348763000191001588e-04
6.630845110379193753e-05
2.245272538312353006e-04
3.129386712569892474e-04
7.185832369856846175e-04
3.538870210305213948e-04
8.039340971314860862e-04
2.477651220367111913e-04
4.314219434674808730e-04
-1.144665187957964275e-04
7.017756931771840234e-04
-1.206801155390282891e-05
-4.738911676184863990e-05
5.935323053692116019e-04
3.018892819768186401e-04
-9.491812606200282487e-05
-1.720343838273169417e-05
7.031051800441834310e-04
1.070613035460226515e-04
3.626888825299085352e-04
-4.363587824283696653e-05
7.099196155427347208e-05
1.769938658398030032e-04
7.364002762091722979e-04
7.632233525435391146e-04
6.550380884817884504e-04
6.316425450298891351e-04
2.553881980672157066e-05
5.137270731653305203e-04
2.757918921012468268e-04
8.481731400760355406e-05
1.514153179716698949e-04
3.503458394193660554e-04
2.811709535038140113e-04
-1.223581254121904082e-04
2.366911713002613302e-04
6.814310835689790227e-04
7.968166705714209777e-04
1.618383807273625035e-05
5.721430272063362512e-04
3.526357400357963833e-04
-7.940302405853871554e-05
6.850136408061394296e-04
3.346559542313853690e-04
6.946384313765473564e-04
6.002136178384283620e-04
2.496842478279931161e-04
5.633113401733786567e-04
6.741647029229375131e-04
1.154302662238418076e-05
2.660328592684829490e-04
1.771390417653756217e-04
-8.286273235490097344e-05
2.753679456388267123e-05
1.687891557301868294e-04
6.169330001382278186e-04
2.368005220148319237e-04
-8.550268850955677696e-05
3.412932490348157861e-05
3.636225273341893183e-05
5.287853298406515771e-04
-7.586837638653535522e-05
5.617035733888089662e-04
-3.216445796838269129e-05
3.033017582615830411e-04
2.208067174412300005e-04
1.445807301880720091e-04
2.212202144352987002e-04
2.256976229301971076e-04
6.424080386792975234e-04
-5.721690262715797636e-05
2.405423588200360501e-04
6.697684429423718562e-04
3.533501585465938732e-04
1.742651953319841954e-05
-1.180214364788294257e-04
7.375833161268289129e-04
1.785893936749897363e-04
-1.510754053926528502e-04
-4.634162781514773787e-05
-1.461417573193211277e-04
7.382891353082717944e-04
8.051595690896822324e-04
2.002148193983448751e-04
1.538253063559361284e-04
7.586881046776977004e-04
7.765525821656708285e-04
3.915945349534630292e-04
7.476367325858914543e-04
3.964647778340681149e-04
4.792656522587412536e-04
5.951525307064843432e-04
4.748646639621482003e-04
3.327985434853653621e-04
-2.296432506741714601e-05
1.629585859157577186e-04
7.223275025290927043e-04
3.359325173462958435e-04
8.345099018971589410e-04
8.196302119377734405e-04
3.032796347387092871e-04
2.437783582248864635e-04
7.892108408928285006e-04
1.732625375574013791e-04
-1.149696668103349518e-04
-1.341351210716769783e-04
5.619082082845457127e-04
4.537171515990960353e-04
-3.917508821993567335e-05
2.334666986306062103e-04
6.598032375786015653e-06
2.776446666071712773e-04
3.944163915964907750e-04
1.479186587693144376e-04
3.049191660662143948e-04
2.023768049735946055e-04
4.348328502580567378e-04
2.297322186705795977e-04
3.698750601853232831e-04
8.699420172671618349e-05
-3.163603352801474904e-05
-5.116992085694812604e-05
4.893607699176395071e-04
8.719254438718133124e-05
4.916809756830548385e-04
1.001451352893527162e-04
7.395386414552392463e-05
-1.329598256374116413e-04
3.398819388468935594e-04
2.594771567634439509e-04
-1.234878989782766995e-04
6.347341396783418889e-04
1.199129442143800770e-04
2.949346667531726443e-04
6.782948744613518212e-04
1.956329431962000435e-04
7.360901067157641633e-04
3.638421994109825356e-04
7.629417837883977361e-04
6.964797310497553018e-04
3.976616140784925910e-04
6.228706802294763480e-04
-1.308083043758099010e-04
3.428893295764600660e-04
7.318922772128568822e-04
3.499419238456968179e-04
5.210411223442458191e-04
7.267492215639364725e-05
8.385770006575171904e-04
4.966828377819492010e-04
3.136803327339483501e-04
-1.017293558224019261e-04
2.552174762571237103e-04
8.710583354278572503e-05
5.486765501526534713e-04
1.731862002745362993e-04
1.380142809978797739e-04
5.650487732897287608e-04
5.044828753831215665e-04
5.724441316154103799e-04
8.209120722246396025e-04
5.365413685721058578e-04
5.634000214314260034e-04
4.261564933359399880e-05
8.031332014209016960e-04
3.676832413284864876e-04
5.127555686156098306e-04
1.219982918737022023e-04
5.768840207237457460e-05
6.695221859434289258e-04
7.742806583927852983e-04
-1.052968495308379454e-04
6.270596993164076396e-04
1.719693622117031829e-04
1.278040517481791990e-04
3.137558240767216909e-05
1.240754123553718200e-04
5.057238569066733547e-04
2.944376803115222180e-04
-2.158212958732193973e-05
-2.133734522159649698e-06
2.527511923124197389e-04
5.528401692894817105e-04
1.465846583661151289e-04
2.591020171541612706e-05
-4.180690849000959984e-05
6.353787363731052068e-04
5.742732820153888067e-05
7.915342677746075965e-04
1.484188547518058886e-04
5.253232869505246056e-04
6.291304662033005623e-04
5.177612537718940611e-04
3.589171719122544982e-04
4.848072416750239281e-04
1.203599494217509928e-04
-4.679436676053352162e-06
3.896165381044720236e-04
7.113589655608654628e-04
5.242006750490130960e-05
3.150469377212783721e-04
2.762946784570122585e-04
2.067768073914589611e-04
-1.356136596175657860e-04
7.216182849947946247e-04
3.596126446820075784e-04
8.211911584088938364e-04
-1.979071160975379089e-05
7.868996813435169546e-04
6.856726040457121214e-04
8.272973537506798491e-04
7.651736548668080931e-04
-7.992841310189943325e-05
-9.319511567248919706e-05
8.072882818125213166e-04
-5.345529032318690056e-05
4.837857109014403393e-04
7.670404875636765811e-04
6.333940636808054348e-04
8.530223295272945769e-05
4.939196350282170755e-04
1.065033227199294676e-04
4.616724972365836071e-04
-7.147093278442074064e-05
1.799027796123950807e-04
-1.092007066780971414e-04
1.656753472624449301e-04
8.184963437346508145e-04
7.966730456201616406e-04
-3.769949501424309631e-05
-6.751535647420720140e-05
6.778794253430389400e-05
2.244509379556641814e-04
5.546340718662920270e-04
5.419657216670422523e-04
5.564904473671167468e-04
4.094100029018701761e-04
1.218954705406534493e-04
6.239623878652766128e-04
5.230176441405929395e-04
2.771654540758239859e-04
3.124158412800766044e-04
1.159183694092296839e-04
7.493973046354410672e-04
2.430545020232847129e-04
1.534430098883351470e-04
2.798720344869720547e-04
-3.483686690726599424e-05
2.827288313915484819e-04
7.444656678148675686e-04
4.782011010828797893e-04
7.187158795144400602e-06
7.085244441420992731e-04
3.194793277403558049e-05
-1.351859828264949262e-04
1.081990977697686523e-04
3.680840297873836818e-04
5.147344298622400774e-04
-1.332177181617147843e-04
2.595202048351289022e-04
3.699939767950949972e-04
2.553618573020641609e-05
1.435670979778137042e-04
6.395292674193473088e-04
2.465512573566162337e-04
7.167472367319560871e-04
8.064462231664168207e-04
2.271444850752065705e-04
6.604117139173725556e-04
-6.577613869789485936e-05
1.601900734468036209e-05
3.125882196719640327e-04
6.818968233237275318e-04
6.541648824401277446e-04
1.464996277309779779e-04
2.623186690621876426e-04
4.640251678628891873e-04
-4.552466087210462641e-05
5.291185952717576387e-04
6.460272638105770890e-04
2.893470718526830032e-04
5.839455469240607214e-04
7.672909581259484881e-04
8.583756767587986665e-05
7.077818555734462832e-04
5.201609410317039293e-04
2.396541896747609571e-04
6.574758585610439039e-04
2.864842645724752462e-04
-6.276005206281041470e-06
1.504328156349094513e-04
7.991924944742891796e-05
3.149210926117743852e-04
4.296297896426184396e-04
5.522480724641694734e-05
-1.229361988912839525e-04
2.707909381876871802e-04
7.262247992524933221e-04
3.492639873215460733e-04
7.466230448591147650e-04
5.190803094029304652e-04
2.808533353648810099e-04
4.983280541003025019e-04
3.540099093354631210e-04
3.951728404151936039e-04
3.282223920290451070e-04
2.291288541118678126e-04
2.709580479108891402e-04
1.684769024548282918e-04
6.279797303799843295e-04
7.172034850695574622e-04
8.721624496143508796e-05
7.441291645215763247e-04
3.578447210844083005e-05
2.172844499565633979e-04
3.362196201370577949e-05
4.284700100934621674e-04
6.042013948365821145e-04
-1.463776208918193475e-04
1.478836649029736017e-04
3.267428910531639625e-04
2.080461885714887530e-04
3.199977518062473760e-05
8.139807431034878785e-04
2.278771905448861849e-04
2.983826545863842053e-04
3.116531411081119090e-04
-2.971691077622069544e-05
1.840634642609626707e-04
-4.665554923176270353e-05
4.974285950741629686e-04
-1.863611855574999075e-05
5.818870122102744386e-05
3.358163706716133152e-04
5.860025991332346333e-04
5.384712337105022331e-04
7.192034337655031358e-05
4.480366010156356608e-04
5.099163926530742410e-04
6.285661082881023067e-05
1.796575467321761925e-04
5.121487395926400911e-04
5.614025042655787457e-04
1.083812097136803996e-04
9.683976505395295448e-05
3.126884639814562139e-04
6.581027851940042528e-04
6.234667738122774217e-04
7.345699160509371658e-04
1.372011278584223527e-04
2.275901154273829918e-06
2.307732987164853118e-04
6.229965462682310719e-04
5.414815999104581817e-06
4.611036339769683415e-04
7.266201971112568742e-04
1.064084981251786529e-04
6.817153020075580145e-04
4.514203811071820110e-04
5.222705489912473449e-04
7.166553008545011039e-04
3.809980799026316169e-04
4.382363226934489985e-04
1.315707956866789144e-04
1.279453314049618996e-04
4.249222134799455895e-05
7.236278105148447092e-04
7.276836633660824618e-04
-1.086028718046308479e-04
7.399789046850033117e-04
2.048513940931269276e-04
1.782000862503829155e-04
6.608240148909768664e-04
-1.535906314314926756e-04
7.140960597156007384e-04
4.152102875873883150e-04
1.116095783682500024e-04
5.171376127891117499e-04
2.650988470167314000e-04
-2.479018699156501182e-05
7.308218025695267751e-04
5.725241738382846239e-04
7.875886043035072812e-04
-1.804374802267554568e-05
1.019400955866573669e-04
5.508023860418872347e-04
4.077859097423198066e-04
-1.119289822228456907e-04
3.107277660275387728e-04
7.212812708969156255e-04
7.423639716409899771e-05
3.402276861034354795e-04
1.714325015195836013e-04
3.198333704071772599e-04
1.596583871583133788e-04
4.386278079532409052e-04
1.813793517702548379e-04
6.224093981222267920e-04
4.283411898078113384e-04
6.629296105459821882e-04
-1.292781302817412646e-04
4.406897266008424495e-04
5.696813392191040284e-04
2.052493577487253507e-04
-5.526613938161534885e-05
5.062746293070889952e-04
2.130968303924086376e-04
3.467489513069473548e-04
5.749057290329345109e-04
2.482864259001977192e-04
2.652127680201051083e-04
7.750892858092236376e-05
-9.235420749462886381e-05
5.497705798923762949e-04
7.440140537494674237e-04
-6.715539587086169764e-07
-1.051458021213120766e-04
-9.585964053467168125e-05
1.179348667514836142e-04
4.558680706919411314e-04
3.989470977829096183e-04
6.446065547283633297e-04
7.640290006861217859e-04
-1.663106304374968830e-04
5.164947973666080081e-04
4.994988207717490896e-04
3.365737640925232530e-04
8.010912955062030353e-04
-1.510034213611660149e-04
2.962339551302909605e-04
6.215162425921137593e-05
3.352779380428661297e-04
-9.207473212044669131e-05
8.140265630471109175e-04
1.182439428060802082e-04
3.880732686205258975e-04
-1.193301881892246314e-04
-2.575435379085672273e-05
6.326428080805100501e-04
6.364263446645658170e-04
6.191670682543994227e-04
4.792067219559916044e-04
1.180384989851968953e-04
4.866368221340428447e-04
2.806480993603638905e-04
6.736306162250919362e-04
6.428518145631130888e-04
-4.224365716657814228e-05
7.971266024105715109e-05
-1.062864486702017861e-04
5.030677155310959081e-04
5.714854294253067773e-04
6.187598177177620765e-04
7.048011449374302385e-04
1.634863024831039260e-04
-1.305247805688750247e-04
1.583587461122616994e-04
4.988966418133020239e-04
3.375951677519936070e-04
1.304775527915699154e-04
6.701461961659626416e-04
1.368749433851050514e-04
1.500098298542231466e-04
7.679477989237956615e-04
5.476589982841364741e-04
4.336796739621374204e-04
7.500787477747875628e-04
6.941388502174459943e-04
4.231064550539115148e-04
3.465930142243128288e-04
1.108279562096637510e-04
6.865628317464050846e-04
6.096684976420794046e-04
-2.089625486908446340e-05
7.518042690171285473e-05
3.437888139078195955e-04
4.015426139730933529e-04
1.342510618088117844e-04
4.473613371761422193e-04
-4.861827368957215273e-05
4.528598166201005431e-04
3.390039059903066413e-04
2.320042701175166076e-04
3.888166358615156208e-04
2.733324289270611847e-05
1.490815148603408214e-04
7.070875555512390331e-04
6.019598529892916140e-04
-2.626083338822474218e-05
1.132178337522556685e-04
9.532376267852326376e-05
7.010984900752649171e-04
6.839270179107349336e-04
-1.431969454673996184e-05
5.219792526552564146e-04
4.742288567869050279e-04
7.762158471477788139e-04
6.661744432010505753e-04
7.969064528346027181e-04
5.851738332873233147e-05
3.130187221736278956e-04
8.763484583347671994e-06
1.875032753408986241e-04
1.079360410074626077e-04
7.676472636164556954e-04
1.553972160714958833e-05
-7.880964316748922136e-05
1.502525955612414338e-04
3.530827935520539887e-04
2.362871681779459985e-04
2.219952262331808483e-04
1.632240009341272681e-04
2.138856796549086904e-04
6.678061946468601085e-04
3.975162386881640080e-04
5.095723581090771340e-04
2.959322133342937510e-04
4.247704171486204293e-04
3.376384302242232532e-05
1.698755818952481006e-04
4.550100778279562064e-04
3.075102170321671827e-04
-1.557916038395084919e-04
5.692766235096651927e-04
5.061011293433270762e-04
2.993794023012047814e-04
6.905788927085469101e-04
7.577413052016939224e-04
4.515811319075851678e-04
-3.027328712590667180e-05
1.243332006665689635e-04
-1.146556190711902723e-04
-5.718057534785111291e-05
7.061118824424300437e-04
-1.561262576520722602e-04
-1.300729139544980687e-05
1.121256624617804439e-05
-7.409991545386665295e-05
6.352963357847918281e-04
7.641694278595468725e-05
3.262603787024351710e-04
6.671629804027510687e-04
-1.602118663542950001e-04
5.236048210410733416e-04
-3.176688006347563366e-05
4.186967520522411106e-05
7.664722552869191298e-04
8.559083503506904401e-05
1.936949893135242017e-04
6.751660163670452448e-04
3.859160615044786844e-04
-9.042068589312816050e-05
4.981249696487870075e-04
6.684392533138251583e-04
5.829374856475515307e-04
5.307935415526611120e-04
2.907551674059155836e-05
3.658141278909741285e-04
-4.526150577135253268e-05
1.967286983494107066e-04
2.634220511794985457e-04
7.599793638855210356e-05
6.535161440887957271e-04
-5.787935448490095911e-05
5.381875593139576457e-04
6.273899057265667784e-04
2.277888835886517169e-04
9.495274586073512095e-05
6.997218681122662539e-04
5.007560719236942015e-04
3.707072732270085230e-04
3.279776888032633628e-04
6.392911679852320093e-04
5.653934602587127331e-04
2.019760524226612967e-04
5.983421780746627340e-04
5.939920257585779972e-04
4.016984829093704526e-04
4.770828161649770028e-04
6.891200426593003430e-04
1.444344149700824457e-04
6.660905592414313086e-04
4.733702670400094384e-04
-1.797582983160476481e-05
4.396967164638155754e-04
2.010449214565037865e-04
-1.126991406419696411e-04
3.818518571502520892e-04
6.589242204091068410e-04
5.593356723289094482e-04
5.705197469159865430e-04
3.036751504907609072e-05
5.587351078826966822e-04
1.978006880323893461e-04
3.819486514783272950e-04
5.539465040947999042e-04
7.188043736141207316e-04
6.684655323515634705e-04
7.610248073489041037e-04
4.796490768210855322e-04
6.206261346232295464e-04
7.599580048095170735e-04
7.604243422985402026e-04
6.574096813255831577e-04
4.673314990951754275e-04
2.776829692424285199e-04
1.932633322497586260e-04
3.232053138339524979e-04
5.075125886151585696e-04
6.281817626106885825e-04
5.776580852123599185e-05
7.485346857977516217e-04
1.765295532628978741e-04
3.115888493658539076e-05
8.909125523869768147e-05
4.965215462709525164e-05
1.782054476602651046e-04
6.739493399431728624e-04
2.383088399639240269e-04
1.937087783835490047e-04
-1.507815157500068349e-04
8.329629821670523574e-04
7.146733021765048263e-04
6.612573145375242288e-04
5.324224706260541383e-04
7.722049022199982231e-04
4.784898789145963414e-04
6.388012807818604748e-04
2.280871722121260428e-04
4.892341737104117898e-04
1.909461329016609739e-04
4.781533823493532291e-04
4.675475986441211059e-04
1.399603788099517039e-04
5.745853076793569969e-04
1.190947090329943809e-04
-7.098594363648059915e-05
3.178478741822539908e-04
3.010851744908544519e-05
5.439498440319813022e-04
3.373541653985871291e-04
7.954436671633836279e-04
-1.548585292207447421e-04
1.664512436590377936e-04
6.991227912886428374e-04
8.091259897713072883e-04
2.408438414578414454e-04
4.818701658424713943e-04
-8.438958576218469625e-05
-2.696381259951716078e-05
8.123457386891826462e-04
3.368007092145471710e-04
1.749759536143568163e-04
3.302677661021780888e-04
7.423355570545695729e-04
7.165189569265204179e-05
2.508858051509365444e-04
3.349125994981509181e-04
-1.560208104284290236e-04
-3.050171690048958972e-05
8.002446658579435209e-04
-1.039791963440000474e-04
5.759228857367938931e-04
1.996790392581460473e-04
6.292356970083443947e-04
2.527131370298500365e-04
4.764646535764092852e-05
5.212281946668658426e-04
-1.246368747052538263e-05
7.140565592617160616e-04
4.862181596707562301e-04
-3.567546726137543864e-05
-3.359960845719710352e-05
4.709168690236448360e-05
4.086064995056079346e-04
8.201911690692569208e-04
6.921003770259307299e-04
5.567011041771990345e-04
7.951565874811981167e-04
9.827830373025169366e-05
2.057048915680766848e-04
4.506036791840980772e-05
1.764748966832832121e-04
6.481420935634740147e-04
3.357347697482282868e-04
1.271216338258260032e-04
5.888940129418210800e-04
1.950834790099328225e-04
4.194284881688408644e-04
1.507009166281921084e-04
5.985662603999224651e-04
6.857552018140115977e-04
5.239328190035767198e-04
-3.853065943265845424e-05
5.644996272899164798e-05
-7.681026642840543849e-05
7.865029811010698646e-04
1.825618262718570358e-04
5.017022061745106528e-04
5.297720001359961092e-04
8.095113083848528733e-04
6.662006563931472313e-04
5.638325023477914078e-04
2.798973524003097054e-04
8.103412853180375465e-04
3.986090167752691805e-04
5.138505937911637487e-04
-7.970100910580496512e-05
4.164227393575174892e-04
5.823711362270871583e-04
-8.093541631093332806e-05
5.870907984438848660e-04
1.229139049357015081e-04
-4.201972544463416571e-05
1.757694562154361059e-04
3.535676934447908992e-04
2.666096791243135426e-04
3.840012607595937391e-04
4.203623812509950462e-04
3.304492984928817452e-04
8.188638481523158189e-04
4.423461047697538361e-04
-1.573264595697856602e-04
2.294293005720722856e-05
3.317216691394331437e-04
1.862124295915500486e-04
5.441560159239441962e-04
2.428590409297184092e-04
7.170203836551821298e-04
7.471374607824256015e-04
-9.432133106530477570e-05
4.262105565226777682e-04
2.161719430033686031e-05
-1.423952514821654943e-06
6.511311359283143913e-04
7.540645607843478142e-04
6.717052189902799914e-04
8.933904602959763389e-05
1.929907734543990594e-04
4.675570188813375837e-04
5.809653923149891075e-04
-5.969612669334444703e-05
1.240323084966131505e-04
2.911938553027065639e-04
-1.468100661370470774e-04
9.935881513746118486e-05
2.681803633002811590e-04
-3.704160992651956596e-06
-1.588988081098648413e-04
-7.453239283870035509e-05
4.937171723797330629e-04
4.794669745429441798e-04
1.425859840377868880e-04
1.172118660935786368e-04
6.595674578783867281e-06
3.772767617350202864e-04
7.958258685399304108e-04
7.150371524409815686e-04
-1.085475201499109523e-04
5.913945132141958279e-04
6.978466879612000651e-04
3.490239356801828115e-04
1.664168714676385449e-04
6.942592799634795858e-05
9.632211266888835582e-06
6.839943126222401855e-05
-1.130105413984608701e-04
6.071351838554253167e-04
-1.008992586589328657e-04
5.922135110908863720e-04
5.748310274638219466e-04
6.222079375237170263e-05
-1.082482067038993424e-04
7.562885977188690085e-04
-6.255113443933159301e-05
-7.809993171049072684e-05
6.899336967947808331e-04
1.290637413575079426e-04
7.051544742557469157e-04
7.865139102620018110e-04
6.208187515332876192e-04
6.865783363355809936e-04
6.025643350547807810e-04
-7.744662967565245674e-05
-1.269377487089312867e-04
3.826120750979033211e-04
1.547563499121779344e-04
1.868994121559501304e-04
5.031713394682796152e-04
2.601275149441394379e-04
-6.932615225335854133e-05
5.538573777785320285e-04
3.443818894159637249e-04
1.335802280791567489e-04
-6.511741287906552475e-05
5.903319911370900810e-04
4.145723288826146514e-04
2.631688601274616984e-04
4.067253844489316397e-05
5.375722638362703722e-04
-7.912788135114430467e-05
-1.320083923789834991e-04
5.007214971694439387e-04
2.165982866436590333e-04
7.138695459071021888e-04
-7.085985625132344592e-05
1.006011706886451922e-04
5.110320958167328259e-04
3.030516724726362065e-04
2.235975297947329532e-04
1.003454968306002226e-04
1.118458668352250433e-04
8.911184924489076763e-05
4.256821280024046094e-04
3.149752264537736463e-04
6.939822188145918771e-04
6.000834294540296912e-04
5.489217306425331951e-04
-1.070399439657764929e-05
2.571668891962037803e-04
-5.090265549762945088e-05
7.639248682254580263e-04
7.024363431171182356e-04
7.923962326472982435e-04
4.181306348507118865e-04
4.999979682716792703e-04
8.226592797276128166e-04
3.800609848196784876e-04
4.000218586294392747e-04
3.236222089873814632e-04
6.482859450563980110e-04
2.219551881919578382e-04
4.524647784409958234e-05
7.403665360540687612e-04
-2.311972940583450592e-05
5.973032237032217421e-05
3.592939482319712453e-04
7.364793360601679517e-06
1.325316743638012328e-04
-3.491319313709702988e-05
5.499307549966087581e-04
3.191545173052000198e-04
1.464977043510896604e-05
1.629238790526190382e-04
6.251083185507443551e-04
7.900550163608200446e-04
2.525364852552984367e-04
1.180769557400535312e-05
5.131237391449763310e-04
6.736279045765904106e-05
-1.348110319331573249e-04
3.924079156239357736e-04
2.928158861288374836e-05
3.357123518707743801e-04
2.569340808103004036e-04
1.686141342837412806e-04
-7.458513914324831995e-05
-6.719124973914689818e-05
-1.549194286052929114e-04
4.408626381550766557e-06
1.256013504677810770e-04
-5.171989484669259877e-05
-1.520587242444566161e-04
1.614233307757552250e-05
3.205675589205612638e-04
7.728706434230533809e-04
7.651483385115466203e-05
7.921225710566199901e-04
4.723889403257871427e-04
2.292675214084940842e-04
9.637024330827943547e-05
3.457730633261762911e-04
4.902217080363837493e-04
4.520627990379429985e-04
4.075916424537607175e-04
3.113300197320039700e-04
5.474211996420179534e-04
6.201744475856037003e-04
6.744221351425112648e-04
1.981325811740933945e-04
1.291350977409559838e-04
6.837949325671181930e-05
5.768228091222098431e-06
2.730371222278604368e-05
4.342083951239813860e-04
-1.109137487930450793e-04
6.355017648193564059e-04
2.618834529009377948e-05
1.373135064488763171e-04
6.425663293438400826e-04
3.257322907839742829e-04
5.780718784349883664e-04
7.761991588903614661e-04
7.492546490512346120e-04
-1.089313968534432191e-04
2.041182821975604173e-04
7.030339323873379537e-04
-1.354558752536634200e-04
2.837624344718622533e-04
7.310006844785907646e-04
6.234197204179564664e-04
-1.576471653022621571e-04
3.478768493235226997e-04
4.888692672394506864e-04
2.967908254809631624e-04
9.915748151865176033e-05
2.820356187902713888e-04
3.134658514128991352e-04
2.686706947058073872e-05
-6.480554179029566532e-05
5.740595004084968938e-04
1.393692907067128255e-04
2.149609336543901984e-04
7.148237332181947741e-04
4.106918409297283332e-04
7.750623659303195476e-04
4.651801744201313209e-04
1.880454902895967292e-04
3.691631050542976611e-04
3.537504420524750890e-04
6.259022429690953761e-04
1.091637823342387443e-04
2.030494519619853477e-04
5.083064941758023113e-05
3.711965247762042774e-04
-6.643252972095467208e-05
3.783345089594648781e-04
5.553535226550548355e-04
