5.070717033367240845e+01
-4.032800330443937042e+00
-6.111497116827274034e+00
-1.141494663474147409e+01
-1.388809556684905289e+01
-5.507269885223362138e+00
7.203626739219500585e+00
2.236608860087291717e+01
-2.789261542798287863e+01
2.442525225899251851e+01
3.085925212759374148e+00
-1.517434072790440425e+01
-4.277245283130378439e+00
-3.034902511086497512e+01
5.275960122834359112e+00
-1.888652695751261135e+01
-3.564586270665594014e+01
1.154634405495466032e+00
3.077803181219480066e+01
4.504040713802765161e+00
7.134025420215101221e+00
-2.304879292807787294e+01
-8.118104652581303426e+00
-1.157549122718103618e+01
-2.098792129852761335e+01
-2.923401913992849099e+00
-4.330744617238272198e+00
-6.271694458348194168e+00
-1.795776394701882239e+01
1.945527236537068205e+01
2.282462574034084213e+01
2.703580296654669368e+01
-2.667061570944031601e+01
-7.182240585703977942e+00
-2.494848275214888389e+01
-6.818110688668880037e+00
1.253739744460891359e+01
-1.697426570964192649e+01
-2.248807333736670699e+01
1.835753650275763960e+01
2.729763279919351859e+01
-1.066387571925133315e+01
3.044178130840555241e+01
-3.592622715430538705e+01
2.125032847506670919e+01
-3.438557933244680953e+01
-2.422967565949119972e+01
-2.671923843260966791e+01
5.528808802530709166e+00
4.275538337859367211e+00
1.602593719054166144e+01
-2.861754412876729958e+01
-2.075407710698526742e+01
-2.095550249092040573e+00
2.454959179723978646e-01
-3.315309357837152504e+01
8.124412043557228458e+00
2.597084072367648844e+01
2.461391630753821502e+01
-1.095299290797540293e+00
-3.388881828568195687e+01
6.298021494405477760e+00
1.199238769885113065e+01
-4.141891268847416541e+00
-2.117811717645018632e+01
6.784882222695790333e+00
5.104685818004454312e+00
2.798785734928173952e+00
-2.653986371893104845e+01
-2.805783130832085703e+01
1.279408295195618273e+01
-1.983594806013892764e-01
1.365394640232454648e+01
-2.314753411465861888e+01
3.111680418020716932e+00
-1.259692579583133920e+01
2.188287068274035008e+01
3.095878280417693773e+01
1.992319785810115818e+00
-6.830482758865833226e+00
-5.994116162589582686e+00
6.325671553755181191e-03
3.948760814880751369e+00
2.737332637084216458e+01
-1.965847969815728291e+00
-8.206713035190768224e+00
-1.736465270262344163e+01
1.098572006339972651e+00
-1.312501440196735558e+01
-4.459475555405846059e+00
7.838735423356506971e+00
2.923448502648712477e+01
-3.998420534657720538e+01
-1.491227864506941003e+01
1.012605387649746724e+01
-1.786592883000451693e+01
2.192557382494023344e+01
1.376759367293473701e+01
1.913894327846448817e+01
3.044930786148069668e+00
8.868109270589674686e-01
-4.572006277559700749e+01
-4.605508833578443983e+00
-1.409512338575608936e+01
-2.849180266719408650e+01
2.121084076744866920e+01
2.515912890526137247e+01
3.255789864530088806e+01
1.075992232485902278e+01
5.645628019072787218e+00
-1.688701385691351575e+01
-6.947800779906394553e+01
-5.071297462733256545e+00
8.036035992629832592e+00
-3.787333822355273938e+00
-1.720502790228622914e+01
9.401915910809451660e+00
-2.876673123653116093e+01
6.325122104111922106e+00
1.838195764468716931e+01
-7.788044141653794883e-01
4.032620950765070766e+00
-2.272668727587873860e+01
-4.533077130902284324e+01
4.014423854366861377e+01
3.782734017603834076e+01
-1.902206050327533049e+01
-1.137117916884587920e+01
1.567905251910125131e+01
5.342390942352241545e+00
2.418311128978870883e+01
1.087242107702373772e+01
5.142438336570394064e-01
-1.588319679916335758e+01
5.050569797159237595e+00
2.163614757968193913e+01
2.796021538105629034e+01
3.023699679274984398e+00
-5.274704982371143558e+01
-9.299382773007803138e+00
-1.288628383109746700e+01
-1.975279285571703625e+01
3.242215175361148560e+00
-2.022866271888742418e+01
-1.628996565712227351e+01
2.702354725728072893e+01
2.206813090137537259e+01
1.242400568967236474e+01
-4.986891024990593024e+01
-6.793556344653103096e+00
-5.454494438693966174e+01
-1.462382294764142721e+01
-1.087337000410041554e+01
-9.203701526697971147e+00
-5.583400958777699685e+01
3.388064983210993830e+01
-8.144734104042369083e+00
3.585354293025090300e+01
-1.015218059985107679e+01
-2.096535315790209353e+01
2.919532888343663402e+01
-3.075535806897370250e+01
-1.078376966819087990e+01
-1.854843431462157000e+01
7.926695284321375823e+00
-5.298960444946759196e+01
2.234064216336276232e+01
3.918754280416882807e+01
6.813438075203035282e+01
-1.464350851203230386e+00
-1.319801837414205181e+01
-1.367769951384949856e+01
1.852362482614224959e+01
-2.702455533328391368e+01
8.775229150573611747e+00
2.928039007184219855e+01
1.367929121970271034e+01
-3.063061969270644269e+01
-2.612603598552707851e+01
-8.726466944101659351e+00
4.435859832452877782e+01
3.084683845500338251e+01
-3.588381139341973380e+01
1.566398317636586768e+01
2.937855486538613548e+01
1.403485010113793940e+01
1.665731265311940845e+01
5.742062096088842438e+00
1.842358820050366663e+00
1.436750804957489613e+01
-2.403692477267174965e+01
3.366859678629498642e+00
-3.108662235189667200e+01
-1.740906923054906841e+01
7.557605106189682509e+00
-1.506267870741667991e+01
-4.470387710560895234e-01
-6.736646442318083849e+00
-1.134140292234299885e+01
3.404973178209657192e+01
-1.135663622149229646e+01
1.447107447475746156e+01
-1.392768938039566073e+01
-1.022022479665301908e+01
-6.372023347801521354e+00
7.257739535337832670e+00
2.085980577684725645e+01
1.941419873792406037e+01
-1.877364266667260306e+00
-1.292628678184729374e+01
8.972556032435981876e+00
5.778204054654585775e+01
2.191853903208537790e+00
-1.234875492829351273e+00
-4.679708733466480197e+01
1.014459614129778053e+01
-8.446341510150547904e+00
-2.244156543741760856e+01
-1.992865440616546469e+00
3.928829690165567712e+01
-5.680366949497581253e+00
-1.156515539499648071e+01
2.975871738326128479e+01
4.556419164149089340e+01
-1.409061991660231383e+00
3.913077128965120721e+01
-1.158547730065670933e+01
3.544535143058750726e-01
1.064271400314014926e+01
2.925558324528719112e+01
1.353643980857984097e+01
-1.801781286700656182e+01
4.028337914102456097e+01
1.549483930812467136e+01
1.040555884680294163e+01
1.333746611617459088e+01
1.520769022478960686e+01
-4.372382323652005454e+01
5.408710919082864876e+01
1.823838553306622146e+01
-2.414358249777603760e+01
-3.520487743055728203e+01
1.439698392336851285e+01
-9.634132057556801243e+00
-1.317360697019133475e+01
-1.601168693843020563e+01
6.928762697714490493e+00
8.637191813009236441e+00
2.960574783672086241e+01
2.864355920703000180e+01
-1.751972288820594770e+01
-2.470655049896209832e+01
-9.767361943709895300e+00
-1.559040964211098279e+00
-2.699068835957926993e+01
6.607161362219176048e+00
-9.365214335659739930e+00
-3.635171588889204219e+00
6.823630654973891296e+01
-2.346400728412696068e+01
-3.664646408730778404e+01
-5.228247279082792076e+00
2.936665547764287609e+01
6.191222411206182663e+00
2.821568570346036253e+01
3.853044618485660378e-01
3.324014786399281274e+00
-2.905496774209541755e+01
-1.015275521874517217e+01
-2.724292898248134165e+01
-5.559905793829885923e+00
-3.604382609287275585e+01
-1.084351272211812045e+01
-3.444844952902770530e+01
5.414931916454420247e+01
-9.373890764847599755e+00
4.249360495919375147e+00
-1.795973888669357876e+01
-1.125383511656441726e+01
-2.130893299711209821e+01
4.375897063974551138e+00
3.111461607244805450e+01
-2.702870979782614924e+01
-4.823412526032067937e+00
-2.248295981436384849e+01
-1.421923784772440857e+00
4.955316446579186618e+01
-2.268507674636686389e+01
-1.052529889519111173e+01
5.276788821516723260e+01
-5.653793485999211832e+00
3.159563279443475992e+01
2.937135607363584811e+01
6.858466464064250090e+00
1.580019339554688429e+01
2.666165304750960807e+00
4.826995857313361782e+00
4.402749703384265700e+01
3.096876850909600876e+01
-1.974291327739942759e+01
1.404957822643048537e+01
2.124235432152541136e+01
-3.665027800565474081e+01
1.891808693680923170e+01
-1.145549728756208374e+01
1.192988406436803395e+01
2.050232495341483840e+01
4.990900105778656837e+01
7.832463745541232925e+00
2.355704829393739175e+01
-2.075003999300201230e+01
-6.694891746241277142e-01
2.005938919066743598e+00
-6.814728936063619180e+00
-2.799658858236763948e+01
-6.838564765227532760e+00
-1.203524186577817190e+01
-2.521122214754196023e+01
-2.206554132944418001e+01
-8.010629400553373358e+00
-2.867357486016940404e-01
6.196336603376939145e+00
2.839827380173151639e+01
4.795987215254574387e+00
1.704386777666884001e+01
2.555449794035553168e+01
-1.493155423194828657e+01
1.104506564518231215e+01
1.487145104288837949e+01
-2.994830621770814005e+01
6.953492591983422066e+00
7.005509248008665146e+00
4.746867320605350216e+01
-1.487861799082985037e+01
2.161550427319599521e+01
-2.002600989318252189e+01
-1.566622442643880930e+01
3.259520925091236165e+01
-4.639634702106107400e-01
2.560533412069302273e+01
-3.306834853566009258e+01
6.605422087245245599e+00
-3.190000177885733379e+01
2.074801379601147033e+01
-5.590424007157748232e-01
2.178659648745074229e+00
-1.167161651809207967e+01
2.895137181767806922e+01
-2.617492359364868193e+01
-2.832618562983078903e+00
2.652969009280752033e+01
5.711353159038885963e+00
5.294268407651708808e-03
4.965586657931211789e+01
-1.561448107035461330e+00
1.486773588119275757e+01
2.535883853854521064e+01
-1.610280818862756647e+01
-1.459730303208591984e+01
-1.515907302253168965e+01
-3.856462680394721065e+00
-5.851091539460687052e+00
-2.612198938480439736e+01
1.375919445363935623e+01
-4.214816759429070459e+01
1.970978479418991114e+01
-4.984665205851433356e+00
-7.604015879282099988e-01
1.465972611876476428e+01
8.477781606850310681e+00
-1.545280849206175766e+01
-2.128507267453204932e+01
-2.298654827914680965e+01
1.062018233521883026e+01
-1.192227910667007151e+01
3.486205112182867794e+01
2.201783024167202996e+01
7.376434462206220566e+00
6.215950411798912612e+00
4.743539578163746029e+01
3.783753931544505900e+00
-1.327515374423328431e+01
-9.508801655394670149e+00
-2.870839886598603119e+00
1.988383351391572962e+00
5.267359665311754213e+01
-4.979183849586313215e+00
-4.822034415335965107e+00
-3.229042197559761007e+01
-8.997182604407401030e+00
-2.507831698495166606e+01
1.865179043728717900e+01
4.931789172938467658e+01
3.928936048488085930e+01
-5.000836968096188428e+01
3.475205115681742285e+00
9.252114955395624563e+00
3.938751968195945352e+01
-1.144969042113318558e+01
-4.085559489076381823e+01
1.870133600185273437e+01
2.967618611176390075e+01
4.452460385792828390e+01
-1.926994851558205113e+01
-1.833472285963316795e+00
3.523375782101243914e+01
-4.166916123004485328e+00
3.597345981705011297e+01
-1.955740828428303502e+01
-2.930103645335263707e+01
-5.361948371851060813e+01
-7.046749195549830702e+00
-4.779513901969254164e+01
8.333788796676520505e+00
-1.622124954718329803e+01
-7.402137613131497318e+00
-1.278449742929685273e+00
1.692903742547675350e+01
3.474718409999662327e+01
6.711641071309884410e+00
3.884461706601650466e+00
8.030397221128477980e+00
3.245212235411295865e+01
4.546021864441749827e+00
1.325886844866130287e+00
-1.368202759489829212e+01
3.800336603040521055e+01
1.267306746479340873e+01
-1.036299952724554352e+01
1.757615880327728775e+01
-1.599273188145374780e+00
-3.702301776094088837e+01
9.879654962690338493e+00
1.507986787062728240e+01
-6.464593909855577358e+00
-5.205133848836022281e+01
2.924714775464446603e+01
-4.370045298106984610e+00
3.886955891472386782e+01
-2.213839144419186766e+01
-2.362896138736450169e+01
-2.566517871253682515e+01
-3.256318514745826320e+01
-1.512581798249064313e+01
-1.110140430559916602e+01
-1.614553842298456843e+01
9.913639496295452602e+00
4.236587682095455420e+01
1.133954069862149083e+01
1.453726123803731340e+01
1.905563792277371249e+01
-9.432950732257946669e+00
6.722740583056423525e+00
5.273880024532249244e+00
-7.073557071046085554e+00
-2.659715572745226186e+00
1.812938955842048117e+01
-1.304602599085059111e+01
-3.723609812939474040e+01
-2.152565369346077784e+00
1.653721170227384007e+01
1.972240032991492953e+01
-2.799700999544792523e+01
5.909994104334954201e+00
-4.671670454008545192e+00
-4.314669765472873841e+00
-2.290416138884240027e+01
-4.782308838340220802e+00
5.159851378572567482e-01
-1.423439392206090837e+01
2.162642459430383113e+01
-1.779943949597966224e+01
-2.516855774715496263e-01
1.137439993835915253e+01
-3.551979471334804117e+01
2.540433843991135276e+01
1.237673318598737104e+01
1.091347492262810626e+01
-2.319232854502171648e+01
-5.989852397791587180e+01
2.699688538121569437e+01
1.082383359414888879e+01
5.537517654314726201e+00
3.148347329857033117e+01
2.546529172980049793e+01
-1.149073526655191024e+01
-9.443191618439982449e+00
-1.435796170582960940e+01
7.559086676280312389e+00
-1.374915088613444603e+01
4.696954882319957392e+01
-3.129722377921899223e+00
-2.518083752734725778e+01
7.377152783082360443e+00
3.135093893650995867e+01
2.227339342518571463e+00
-2.754742877073027785e+01
2.446025477382588775e+01
-5.100760564701680266e+00
-3.362168721280657468e+00
-1.124346325693407422e+01
3.327610920438704056e+01
-4.473661092154892494e+00
-9.054966701950876384e+00
1.929667414313520268e+01
2.804388835576009598e+01
9.976893007071436781e-01
-2.517910571428628330e+01
-6.168205271264369571e+00
-9.114184825527573253e+00
2.630160816246660715e+01
-3.581361359365681096e+01
-3.641314414934350907e+01
1.241389399228592794e+01
-1.084737517789440275e+01
-1.659758074437619513e+01
-2.036151043751421863e+00
-2.920122589140570213e+01
3.637581096650852430e+01
2.380810810283754364e+01
1.505273485513536347e+00
-3.239721054660755328e+00
-1.439143796546283127e+01
7.650580007188201748e+00
-1.512388899040396861e+00
-9.351596221635686490e+00
-1.430816854016859985e+01
2.376613518051903284e+01
1.560935958632159348e+01
-8.726181513696010583e+00
9.165022457028838332e+00
-1.981180415807495976e+01
-1.113279433979468891e+01
3.182964946414637453e+00
-4.557427729053341636e+01
2.223472513251739713e+01
4.310710612623859106e+01
9.182284019846353118e+00
-3.102124073651765457e+01
5.816234463286570344e-01
-2.842104086973422028e+01
3.252913456197785713e+00
-7.997825795621440470e+00
-1.700287641683459938e+01
-3.467409064136111496e+00
2.146683179565765709e+00
1.361828764317182738e+01
1.771413421263851973e+01
-1.086364883449673258e+01
1.661142152567128960e+01
4.616302136379184518e+00
-1.121577200847998412e+01
-4.954696662131517826e+01
-8.373051773641439155e+00
-3.159533525079743654e+01
3.212501858297611790e+01
2.049328196649010536e+01
-1.448019667071489991e+01
7.940348645929674376e+00
-8.609062493449251008e+00
-1.251824365914777815e+01
9.379682449475865269e+00
1.834842793180490039e+00
-2.822929558115613968e+00
3.027794696181208778e+01
-8.325112113719066897e+00
3.893957756687853600e+00
-3.776643182945920074e+01
4.038895033450562444e+00
3.954982866971588962e+00
-2.109042939835186559e+01
-2.196369664421643364e+01
1.336154662943605409e+01
1.803332803755978730e+01
3.323335249881289855e+01
-8.064653074641618957e+00
-2.149389851079802582e+01
-2.670641838009706248e+01
1.171435396252555172e+01
-3.350287614148663806e+01
-8.680676672214945100e+00
8.062235061772966560e+00
4.968505177856829214e+00
4.147863254496288121e+00
-1.565018346981538855e+01
7.090740420082725315e+00
4.085304539344458163e+01
-5.517708861253837860e+00
3.046944642048008411e+00
2.693614959716978063e+01
3.231448812877198407e+01
-2.179783889721306522e+01
8.249732844091454353e+00
-2.372893011098896565e+01
-1.518409988216064122e+01
-1.832259215618714876e+01
-5.876524364074758644e+00
-4.347355808353309925e+00
3.275133003213464455e+00
2.690288082206941311e+01
-9.524615417929856775e+00
-4.894455501967124533e+00
-2.531741762461061640e+01
3.113736354137409990e+01
1.211125015450328135e+01
1.178369454430574947e+01
-4.103160618082265287e+00
1.321185418026004044e+01
-2.265991866291282264e+01
-1.855740331992239334e+01
-3.546250338644240685e+01
-6.613092527630962003e+00
1.516114034874576255e+01
1.323738794740800628e+01
-1.360603238373833790e+01
-4.540609136508732213e+00
4.162675126204165110e+01
-2.276031585429393900e+01
2.425196350674632129e+01
6.218309792569554517e+00
3.310369181302365860e+01
4.432836294750972961e+00
-7.573023534113069388e+00
2.103264684247876914e+01
8.944384180042108667e+00
-3.667094918458721509e+01
5.609759461262542857e+01
-1.762500793106574548e+01
-1.425624320210287976e+01
-4.269650491541001180e+00
2.541473061878521023e+01
-1.350134064532503508e+01
4.408656459335181133e+00
-1.173537896553141735e+01
-1.702306864780999263e+01
-1.302517326156601918e+01
-8.518887766756794155e-01
-3.612787603100148459e+01
3.058415154315780526e+01
1.442255455797934083e+01
3.402582995495156837e+01
2.394150517062736228e+01
-3.401804007094272109e+00
-3.812249789613139228e+01
1.024713360203256052e+01
-3.739029389487295574e-01
-1.480475402570645471e+01
-1.219394792728012966e+01
2.321591503164042436e+01
-5.561720155819211975e+00
-1.978721595746454343e+00
-1.909426432672228913e+01
7.413101429454864721e+00
1.463511094142722690e+01
-1.712502940223883741e+01
5.079642451444436091e+01
7.330922286671124333e+00
-4.673178514966556918e+01
-2.603188770004782171e+01
-3.927573209059885784e+01
1.987112975805708714e+01
2.762119377318905666e+00
-1.072391511417702503e+01
5.081000403368244989e+00
1.009518049041579246e+01
2.763700288534929328e+01
2.731264959104299450e+01
2.560347929908190778e+01
2.611564838528034826e+01
-4.875799168115286619e+01
4.368703984093904147e+00
1.660487470139062793e+01
2.189599177418060094e+00
1.788121993938018406e+00
-4.438387913196522305e+01
-5.831095431716079247e+01
-9.766626584849317227e-01
-3.858482524244645617e+01
-6.808770102322792006e+00
1.771907903239798188e+01
1.275125656353604420e+01
-2.783773901006047069e+01
-6.174805035552562771e+00
2.437887016140786045e+01
3.885781442934209684e-01
-4.366862909423672079e+01
-1.976408574982905719e+01
6.626394689310189712e+00
-2.937958818463142219e+00
-2.094692929151145222e+01
-3.185002127024294438e+01
1.933751903049908805e+01
-1.061608891217388795e+01
5.191690093183535026e+01
-1.918333165907661453e+01
1.188557602187266760e+01
3.874217347895864805e+00
6.894087202717694929e+00
-4.800367157894609704e+01
-3.641926077935692518e+01
1.160973406067670943e+01
-4.808433440587311480e+00
-7.480400111632818039e+00
2.601088643439871007e+01
-1.511542493958327427e+01
-3.376071348051710608e+00
-2.175946625798322742e+01
-1.321252545166244019e+01
-6.970369069463095535e+00
5.911335533461176794e+01
-7.923622333428465225e+00
-1.143231253193716590e+01
-3.898152493397949314e+01
2.308227549790209565e+01
-5.643419941661544925e+00
-1.532738857589446557e-01
3.786452917082735325e+01
-9.439732226594326647e+00
-2.418802046583237608e+00
-3.088214405916842598e+00
1.415868756254720218e+01
2.977598224466822074e+01
1.605043940290413218e+01
3.452332723323434749e+01
3.293096250572335748e+01
-9.657626231485345158e+00
3.712834469766407075e+00
1.087580133128150628e+01
-4.956592753956259401e+01
-2.168747623329673857e+00
-1.578102962038920332e+01
1.921818144003845097e+00
3.166923811114794773e+01
-1.921520675025529812e+01
-4.708841031154038070e+00
1.904176795589701854e+01
4.581986123125330579e+01
1.919208110335971185e+01
-3.656549510946851100e+00
1.987112968439464566e+01
-1.441007348106669639e+01
2.212649113526355649e+01
1.038110777597664658e+01
-3.738319214404160817e+01
4.580813177585288720e+00
-2.415317122729326726e+01
-2.833601200852054447e+01
2.383714844664366694e+01
1.257779779054252600e+01
-3.022956579161882207e+00
1.116689341244109457e+01
-2.964467700412478735e+01
1.923591450787222001e+01
5.878629877139809778e+00
1.073639628458806072e+01
2.575093645417694699e+00
2.570286208695303998e+01
4.504330094795202299e+00
2.677142693853744149e+00
-6.857009906245600250e-01
-5.238491727186615599e+00
1.207098648915149397e+01
1.846450024655616318e+01
1.345767586093714563e+01
3.165816518679511304e+01
9.439550088735657596e+00
4.002557644761846944e+01
-5.718559008603461002e+00
-9.262010613001526949e+00
-3.112842299490630893e+01
-2.256134466254582449e+01
-2.255891393100495890e+01
-6.691038100902509278e+00
-1.766405713176100178e+01
1.232113975005983875e+01
-3.344673389089398086e+01
2.903842177461708474e+01
-3.347357618558714165e+01
-2.188202796640036141e+01
-1.594383197682401487e+01
2.327966662115951380e+01
8.095774522227811687e+00
-2.380348406424754160e+01
1.573550684525440113e+00
1.486879000186394784e+01
3.499124116131086026e+01
-2.380123178116351568e+01
6.890130218325090539e+00
-1.115051872119409104e+01
1.571703775788819257e+01
1.065476157111848998e+01
-2.424920270276434664e+01
-8.306338781304025698e-01
3.240295694022799466e+01
8.093177819369539172e-01
8.852189969538450498e+00
-3.225214947336689164e+01
2.629810481344443929e+01
2.069860642503583037e+01
-5.313976831980786741e+00
-1.038359257093089560e+01
4.721523633274635046e+01
-1.201095929554995223e+01
4.354059836852141530e+01
-1.297331643026559433e+01
-7.961664003715410165e-02
1.483475071020100522e+01
6.538279457115905302e+00
2.638665402123947956e+01
1.765238183139189587e+01
3.896631163129588682e+00
-7.270089848569843305e+00
2.729708001688906194e+01
-1.952084286704015792e+00
3.393294549425863238e+01
6.484545653182934188e+01
-1.655434186363762450e+01
-3.514484223037566579e+00
1.975942822686112521e+01
-5.942433462774395103e+00
-9.167892669155149221e+00
1.733296461660520094e-01
3.784950277339168423e+01
-4.665149445921568372e+01
-3.449925603375287864e+01
1.072460453233576416e+01
-1.044298822314961406e+01
-9.618996833106711719e+00
-2.519026251308849140e+01
-5.136292854149027143e+00
2.170146818476595030e+01
3.727743078974074198e+00
4.521137472000120283e+00
-8.435385174567779032e+00
-7.301022858450441966e+00
3.543297167594726016e+00
-4.646689633656802698e+01
3.413095532430936885e+01
-1.186366304331643384e+01
-4.281759963628222465e+01
-9.208447395752559217e+00
3.725569030642822188e+00
1.120128430333604985e+00
4.772327002280101027e+01
2.799387912035748016e+01
-3.375804134102014586e+01
1.409259003324686121e+00
1.130480007379154905e+01
6.545808341822889531e+01
-3.978016269474752420e+01
-5.227692316714056098e+00
1.280783903498166865e+01
3.687439524825080639e+01
2.223105628992026084e+01
7.101825348190304865e+00
-2.370624516365342771e+01
-8.716565333194948195e+00
1.115290872053403426e+01
-4.988957526715418034e+00
-9.511018889000466547e-01
-3.244879297533831419e+01
-1.934443440336330156e+01
1.974013234605309464e+01
1.059384799912377595e+01
-2.075549114820061192e+01
-1.932884112179925751e+01
-1.489381086408316968e+01
-3.917216584068822982e+01
1.583852407707201770e+01
7.918996014341089129e+00
-1.678998497180361227e+01
-1.985899279586957178e+01
-6.814315281011633196e+00
1.673099866248638534e+01
-2.917016183275902730e+00
-1.546975776517379053e+01
1.586749103403167638e+01
-1.498571667950315955e+01
2.923922754747758290e+01
-1.522101492208885176e+01
3.679650760634557649e+00
5.751266850551099097e+00
3.671282730250332094e+01
-3.948875655189125311e+00
-9.850846508530096912e+00
9.344948232049661740e+00
3.981130142153630658e+01
-3.740598511103918611e+01
-4.948656208989071104e+00
2.053272802775994421e+01
1.087668448024579959e+01
-3.738720763991413776e+01
1.200403684636605206e+01
-3.775315884148545109e+01
1.088029408894598760e+00
-9.547096145146021229e+00
-3.445372019494546123e+01
2.595529052751276922e+01
-2.078082427935465404e+01
-6.674348134916228581e+00
4.414847804468694648e+01
2.639566337894361325e+01
3.426404667688207439e+01
1.702095735187084680e-01
2.142484514773504856e+01
-9.664457619164526392e+00
1.987349072093309132e+01
-7.499287212568315653e+00
-3.770209328999734488e+00
2.977223888753766090e+00
-4.958936073504522035e+00
2.621367063011358312e+01
-7.997024898848263064e+00
-1.840666319694054209e+01
-4.006330632291377469e+01
5.529125852483546488e+00
-1.044677246254641823e+01
1.155452824850688742e+01
-1.301740896186197638e+01
1.318815705530579763e+01
7.055679517498147035e+00
8.119032489114459850e+00
-4.171262037316781601e+01
2.387071420158198265e+01
-2.082457771940942237e+01
-2.582833388432590738e+01
-5.151159899572154899e+01
-1.704568402957915119e+00
4.054230595918146207e+01
4.442095087045927038e+00
-8.425183634245595243e+00
-4.681510209517785626e+01
9.229965618310124853e+00
1.867946722300314377e+01
-2.834143200733396739e+01
-5.506660306874938726e+01
-3.500041738886402243e+01
-7.864074125674797244e+00
6.472281715010077541e+00
1.256938190495977636e+01
-1.140902583963414330e+01
6.799185944929895253e-01
1.788674542220298491e+01
3.634394884323159403e+01
6.807839920702696723e+00
-1.962853934205535822e+01
2.089575379389291854e+01
7.067101894157577391e+00
5.140759140185834752e+01
-1.510935022011497608e+01
-3.928182493872451886e+01
-1.501586153752260877e+01
-1.313702644010661125e+01
4.398860949633874640e+01
3.742607397014651127e+01
6.321769923581000761e+00
1.744585682635959856e+01
8.919699474305511799e+00
-1.473145638290565174e+01
-1.819418069635754875e+01
-1.220711766846657120e+01
-1.786768949807107276e+01
1.388025958423746786e+01
-3.628593335810077036e+01
1.372377333112273412e+01
-3.792025487994641253e+01
7.254667991311471997e-01
-1.063849446876763416e+01
-1.536488178915822012e+01
4.128753133924631413e+01
5.915298705956977265e+00
7.192096062841433657e+00
-5.161341713806998399e+01
-3.416203719127135940e+00
1.220173848582549603e+01
-4.170636076410463744e+01
-5.989431853567787067e-01
2.151487865437927738e+01
-4.706780271311053809e+00
2.842480306671669510e+01
-3.573487104523105984e+01
1.108407260913493353e+01
2.256531420475687000e+01
-3.581851412553206160e+01
6.065807235602551195e+00
-5.993482016029876291e+01
-1.629741935056528135e+01
2.791274563053751123e+01
-5.633446657090811982e+01
2.762755932145950055e+01
2.064117985407501266e+01
-3.843309086794130192e+00
-8.611327628053784267e+00
2.359179084297094775e+01
-1.409309101310421042e+01
-4.625555260372230038e+01
-9.287396069619560990e+00
1.737281061728981513e+01
3.750977773742183530e+01
1.320981543615796028e+01
