5.769310171515458219e-01
1.133268882453993820e-01
2.857726775681259657e-01
5.800534235002025030e-01
1.415879225760412474e-01
4.800829172379506016e-02
3.360301065059306813e-01
1.767584473927650279e-01
9.947961528223244754e-01
8.196144695083118492e-03
9.957268603278114361e-01
3.709648701963718098e-01
7.436118190519995785e-01
1.191419494046432881e-01
6.977043352859779723e-02
7.128339938866619097e-01
8.107410888448263186e-01
2.857967926186394392e-01
5.035421351030007209e-01
8.128716600418706140e-02
5.762631308799340824e-01
2.354202022176691278e-01
7.091182009154496368e-01
5.655122138736182746e-01
4.023317390474114852e-01
1.497190058202491070e-01
3.332913133664369143e-01
5.842772648574967587e-01
1.013068800375555023e-01
4.069779542642203429e-01
1.658628455123430934e-01
6.448165639861962450e-01
9.837460422550181605e-03
6.147715560628064235e-02
5.581716189759999835e-02
9.278141028846467186e-01
7.457004579813208966e-02
1.141251895185594334e-01
4.221212391783640827e-01
6.253687297468468742e-02
2.411741100285087480e-01
2.704733852144024508e-01
1.327461230829893868e-01
2.693676427218403280e-01
4.182063852581591190e-01
7.390573193891880610e-01
2.828635999853117422e-01
8.604028667489741489e-01
9.829074398480015518e-01
6.714868043719732782e-01
9.817743459888478297e-01
5.487803799080852585e-01
9.908456408662649206e-01
6.040689329748598624e-01
6.704508253224773506e-01
6.300229993325690003e-04
9.142278562359258398e-01
5.871847201141713324e-01
1.470625229941240342e-01
8.920326557973761172e-01
5.860190917017916723e-01
9.404035065921380054e-01
3.943652801466073221e-01
6.464687092869142448e-01
6.826688294942182544e-01
5.088109801588829306e-01
2.898129871164629723e-01
7.194293502997148870e-01
9.383263915183237547e-01
8.237104918533169062e-01
7.301786895313887582e-01
9.916109216203804477e-01
4.004959917936423697e-01
2.355065651585843689e-01
3.938352681998567029e-01
4.667857657412882721e-01
8.810389038983881260e-01
5.085807581242016706e-01
9.685761245051290880e-01
4.100568018502263046e-01
5.932650758337372210e-01
4.229300869314134292e-02
8.608683740693882092e-01
1.457686771767721101e-01
1.144670919309140888e-01
7.604598524660748371e-01
4.723828473903178837e-01
7.121500561236360216e-02
1.418249769818420436e-01
8.680985826932670069e-01
2.724826094150859523e-01
5.258862075017302073e-01
1.156701615780476589e-01
2.301124525061447601e-01
3.406043199761363827e-01
8.952192650829592369e-01
9.272982284299537969e-01
8.178339655104220896e-01
7.925485780263443747e-01
1.842461900636863659e-01
6.720174038435878794e-01
4.407543129861400955e-01
2.462880850275142031e-01
3.127872208649866703e-01
5.119201306681238073e-01
4.447028512172631620e-01
3.952296152842793564e-02
4.033790908379883966e-01
8.416379867835459549e-01
9.690864723288934446e-01
1.754751209550517999e-01
7.285555071653234682e-01
5.165290672373452630e-01
8.168289580460930122e-02
8.453452014784068602e-01
5.019956560205361962e-01
8.582071928561431085e-01
7.661932926933947563e-01
4.050734177645655132e-01
7.233873827542397494e-01
8.420138047735772346e-01
1.740693235644827919e-01
4.326925605624862836e-01
3.382071117111028480e-01
7.697705093195383874e-02
1.848904916095107653e-01
3.358260224576132824e-01
7.812791560796018553e-01
3.941059786018085154e-01
8.104171944102422920e-02
1.994795834651497124e-01
1.924632099012408837e-01
6.956974318691363512e-01
8.246758910079821092e-02
7.289282259661338248e-01
1.311582480308521870e-01
4.661702312360124223e-01
3.837832411592020376e-01
3.101143063709101977e-01
3.815115067854389919e-01
3.975635331470949163e-01
8.005871240851369919e-01
1.099080340821722013e-01
4.035742461249621771e-01
8.354018536533942552e-01
5.139187067429734634e-01
1.846579846147462511e-01
4.128246354519637951e-02
8.979478265584500685e-01
3.406897175055620952e-01
1.113565906749314216e-02
1.210793068449893539e-01
1.580060395621352143e-02
9.048645342815777592e-01
9.629472026526939565e-01
3.630937348418712407e-01
3.175134698130952504e-01
9.295868975953006652e-01
9.414218642551630545e-01
5.524334800958238256e-01
9.078608436115015445e-01
5.623981714753850669e-01
6.381573179232482573e-01
7.563925973575084116e-01
6.397887221822204928e-01
4.975960423080143524e-01
1.332019419919293624e-01
3.246885593223015620e-01
8.811874407913784513e-01
4.970105712404648823e-01
9.980078874415049262e-01
9.873603606970152713e-01
4.689548244068456606e-01
4.091738885504613288e-01
9.534164782132359406e-01
3.362968145380400564e-01
5.407233371529229782e-02
3.531566761741755656e-02
7.216599974454480648e-01
6.199742854524320501e-01
1.313248346892211815e-01
3.914151465126196605e-01
1.682445103191089197e-01
4.413642688438799144e-01
5.677682399761789789e-01
3.129433741029828964e-01
4.713505062872084261e-01
3.711921990915461045e-01
5.923170650029120354e-01
3.926050707947907892e-01
5.290156230917677505e-01
2.592062154074147307e-01
1.356201067912817804e-01
1.110957981863323063e-01
6.513160380701695784e-01
2.529284143024059794e-01
6.565794407578863234e-01
2.636331396733266885e-01
2.363983056809219052e-01
3.307849906766513470e-02
5.023083535286054779e-01
4.219068837551939177e-01
3.676841178412371125e-02
7.957687431793133426e-01
2.852872106403202546e-01
4.512907184163571506e-01
8.362430339706669047e-01
3.582271191047676773e-01
8.962383877050112968e-01
5.265884770725496322e-01
9.229235120844936358e-01
8.630679477337619421e-01
5.620705015837721419e-01
7.903780586037862932e-01
3.015147603704282364e-02
5.009329805120674717e-01
8.957407511202550854e-01
5.161022297859171326e-01
6.916900966310607357e-01
2.350414726448386560e-01
9.958214850519241379e-01
6.622211676338858322e-01
4.827864968960801084e-01
5.814759431397642508e-02
4.179046818237770466e-01
2.506618441568789768e-01
7.122036914194795898e-01
3.358068020708645518e-01
3.034137190363648262e-01
7.313507155738542265e-01
6.588662906491868920e-01
7.401150665099911485e-01
9.819006068361473272e-01
7.008916054679920071e-01
7.245720339122992959e-01
2.042687442850588120e-01
9.677596254114606555e-01
5.298504632684114535e-01
6.686495198049812183e-01
2.856227667659042568e-01
2.117948390996480246e-01
8.316458567289320980e-01
9.337256939926364963e-01
6.103881660753995853e-02
7.878372351472079371e-01
3.379547478303369656e-01
2.961894414940297038e-01
1.953262386805709738e-01
2.893039850828695858e-01
6.668619048793836823e-01
4.675076229795082083e-01
1.473256454962665885e-01
1.632120015334894703e-01
4.125998090320162071e-01
7.103574360185096470e-01
3.131447509629795567e-01
1.874971657260917635e-01
1.217258533123836139e-01
8.017595636997419950e-01
2.214725939086819029e-01
9.565428781172806705e-01
3.198857962420401657e-01
6.972150631656707231e-01
7.898296811415832508e-01
6.876670903078730968e-01
5.250203673447747521e-01
6.483551197074918226e-01
2.844418855746772001e-01
1.549492777772658592e-01
5.563426349812254923e-01
8.660846971521994897e-01
2.191842057975602609e-01
4.808401119964293979e-01
4.368139305445184473e-01
3.651309644247965336e-01
2.721602320562177546e-02
8.920361674123097329e-01
5.231483827050058544e-01
9.810523934809021185e-01
1.426420983470149118e-01
9.534112104727383574e-01
8.465907565537430512e-01
9.939139399074981007e-01
9.325735243880203251e-01
8.283160331441685731e-02
7.278158937763290481e-02
9.831694834536588434e-01
1.110473467096324551e-01
6.510956751790393238e-01
9.305126377735334353e-01
7.976907328936672092e-01
2.418915520210823678e-01
6.620456175581865832e-01
2.657935457357741837e-01
6.310117291998047495e-01
8.593304382340638536e-02
3.508300293168700179e-01
5.360981811061782398e-02
3.265124964984009726e-01
9.798449507453971252e-01
9.603246375323460926e-01
1.264139911152050155e-01
9.282519724782467563e-02
2.330813841456359503e-01
3.829601466642958973e-01
7.227649519786711885e-01
7.107737172017790650e-01
7.156629556541472814e-01
5.695955171652299365e-01
2.845658868410616549e-01
7.897083761504475330e-01
6.896800382173381427e-01
4.380517006349680109e-01
4.795249163428425554e-01
2.760068025545719950e-01
9.143681648184804889e-01
3.997319191571914176e-01
3.231906229125908192e-01
4.407586235056082380e-01
1.314409342050691931e-01
4.490002688361947047e-01
9.086914862544236415e-01
6.424400662027106579e-01
1.702065863368342757e-01
8.698639430254538896e-01
1.908539121058697718e-01
2.738968723544765727e-02
2.665213426049788392e-01
5.321874067937046870e-01
6.770608790882104433e-01
3.347901072190617722e-02
4.267634855966446761e-01
5.371699614300355918e-01
1.819636844029116629e-01
3.026682440864922885e-01
8.107436927397371207e-01
4.073529568719007621e-01
8.843869010861618030e-01
9.718908283984960539e-01
3.916676322665845200e-01
8.252915296569417469e-01
9.753491450004314611e-02
1.811220542926902377e-01
4.741016602533381086e-01
8.491111074352246657e-01
8.115645717544318627e-01
3.096080395414216868e-01
4.283282483069623670e-01
6.238267765569470713e-01
1.185144871463883476e-01
6.923076974563295849e-01
8.085172241629564605e-01
4.529063685324734578e-01
7.525012363813705640e-01
9.339027948834528470e-01
2.499012414620302991e-01
8.734414135195678330e-01
6.892957316259886724e-01
4.012287651815777956e-01
8.280465845911294531e-01
4.483199027945364845e-01
1.569548920431201866e-01
3.140784419184342591e-01
2.465807571058262759e-01
4.743562230213286268e-01
5.923952783664268029e-01
2.192430423806731588e-01
3.836023276001176985e-02
4.362223029058722723e-01
8.846737390824708225e-01
5.072378186883041984e-01
9.102981391341837814e-01
6.787716932558033323e-01
4.477790028103755260e-01
6.595811643272049274e-01
5.271897715772845272e-01
5.629684249293684939e-01
4.916780435633092416e-01
3.889118926287532529e-01
4.278338715828633454e-01
3.331492075529250974e-01
7.950405765355977872e-01
8.768941731657544647e-01
2.533752580742216765e-01
9.125349088867503733e-01
2.000209674492189338e-01
3.857686899921956014e-01
1.952745728629651234e-01
5.897526474737924129e-01
7.618444404968445216e-01
1.617931543878770029e-02
3.150449010627724977e-01
4.901108260636422020e-01
3.710733941757651255e-01
1.944586588697314600e-01
9.773209120658175042e-01
3.910918603007634831e-01
4.546102814652180912e-01
4.748694323628669389e-01
1.350774273376122991e-01
3.466087630283041232e-01
1.208485043228396671e-01
6.598705389771245544e-01
1.471348890787633756e-01
2.242406298201011783e-01
4.971294836472717193e-01
7.482627757455286854e-01
7.011938958057534199e-01
2.357766278196341547e-01
6.095218454783024598e-01
6.757024020455771884e-01
2.237448829870216649e-01
3.435035967175426030e-01
6.754431059259755621e-01
7.274188118834880035e-01
2.690071622057552680e-01
2.603783299488863223e-01
4.760362493899367164e-01
8.236799422424714301e-01
7.875547647454176348e-01
9.053238582987700456e-01
2.979328626347157449e-01
1.649830671113183822e-01
3.926642529271531235e-01
7.883813192184380148e-01
1.645982702817616605e-01
6.252062493367926965e-01
8.971074842422142037e-01
2.670291375066879969e-01
8.464286583851903245e-01
6.125497828213133378e-01
6.839834355470554295e-01
8.864954064030867720e-01
5.473884840227617454e-01
6.063531264480407357e-01
2.978287173995562975e-01
2.913301698315502453e-01
2.063385429800250748e-01
8.908686256318663066e-01
8.944838051900133591e-01
5.107095400722527767e-02
9.066008475810013456e-01
3.720887068267967335e-01
3.385530913134585651e-01
8.186764372616825991e-01
1.014293934466303782e-02
8.740786517355373375e-01
5.774946330772757763e-01
2.771129712736077888e-01
6.776809375526082757e-01
4.319218711459299476e-01
1.398081953473732097e-01
8.928510264448885625e-01
7.362658476149159803e-01
9.563494994024348550e-01
1.510410328806259805e-01
2.667696364485369065e-01
7.093517597826397569e-01
5.710732478705954351e-01
4.716292945955180560e-02
4.773734231470070366e-01
8.819068510795512461e-01
2.423934993251199987e-01
5.047543875296812699e-01
3.391973825919799568e-01
4.887889225398749371e-01
3.236480852262656471e-01
5.996967229379855935e-01
3.361873300823925437e-01
7.925371257054004692e-01
5.897906317077593608e-01
8.264590602896787486e-01
3.887029116646922855e-02
6.031334337703364579e-01
7.352012239915817204e-01
3.631847778608089383e-01
1.043079270854924134e-01
6.772445403931759422e-01
3.732177575559846305e-01
5.120777725262937174e-01
7.376121151924943664e-01
4.118513005380194381e-01
4.265767051167927981e-01
2.409159088207307731e-01
6.947796072514644816e-02
7.181381993442365053e-01
9.073068881328876234e-01
1.584869323296062005e-01
5.655365426527714234e-02
6.086535767386636042e-02
2.784525299106552776e-01
6.168826792700516926e-01
5.621434254910812056e-01
8.107153798398929467e-01
9.262063380374541133e-01
1.586894485442802427e-03
6.821377073483082532e-01
6.673415369909340145e-01
4.986260920086695858e-01
9.626197327957781713e-01
2.036729599262809831e-02
4.615972386922134740e-01
2.276416411457665712e-01
5.014237509245900171e-01
7.512840451648428175e-02
9.736206725520240024e-01
2.789208588414299195e-01
5.464231561546286642e-01
5.375800427702703832e-02
1.407691224869846991e-01
8.032035207576334601e-01
7.953413421238534342e-01
7.837191441915541956e-01
6.434256415550128061e-01
2.770322276546883788e-01
6.499275162789931448e-01
4.483009787317987493e-01
8.267514525945587334e-01
8.048650668178027878e-01
1.222485398625272612e-01
2.415662019146044281e-01
6.195018913618810519e-02
6.646840526860333664e-01
7.339842347096523500e-01
7.783400066946121187e-01
8.689062264806909353e-01
3.302064776252552347e-01
3.988487774926818830e-02
3.272640437465240693e-01
6.611368386961213872e-01
5.025906508248767501e-01
2.959966655135002345e-01
8.315800540293699639e-01
2.999488304558556306e-01
3.144827731915285085e-01
9.334391741664177511e-01
7.165462752155449255e-01
5.991508458162392303e-01
9.152348335706415039e-01
8.595588701227994122e-01
5.763666563301390600e-01
5.093677470877424618e-01
2.708520642568101877e-01
8.473950072815343848e-01
7.695285042876558457e-01
1.408933036539991024e-01
2.381268675261062340e-01
5.050573377171621026e-01
5.664970436979180901e-01
2.954382384794558281e-01
6.062131115429527650e-01
1.191040948866920468e-01
6.119922548001452967e-01
5.018907398456696756e-01
3.931514002307298083e-01
5.511434647692657895e-01
1.973063202285068041e-01
3.095236664019737072e-01
8.698755473195469712e-01
7.591189027757531127e-01
1.432002204139594115e-01
2.805640917351954755e-01
2.552364010830983077e-01
8.667131824157593423e-01
8.490367519275878738e-01
1.491432817950539835e-01
6.927308206864359885e-01
6.342495432613872719e-01
9.434884427100264093e-01
8.287304638630774711e-01
9.673430529724614813e-01
2.166979835804364596e-01
4.798284816256841445e-01
1.711794591822224376e-01
3.484199985289531121e-01
2.706939847466509619e-01
9.343307995301074476e-01
1.819105387693538134e-01
8.620309369646561581e-02
3.167850386274919661e-01
5.166646093094641179e-01
4.062755468540616421e-01
3.772189387902101787e-01
3.261132768198377052e-01
3.786112778231590648e-01
8.348099865549797327e-01
5.636304399449929559e-01
6.752390824867916530e-01
4.594494773705148916e-01
5.882234982312074534e-01
1.975405514758814540e-01
3.285090506333796512e-01
6.191970998249972657e-01
4.646168016303162673e-01
1.269756651203890474e-02
7.314474740730854130e-01
6.705089044462076986e-01
4.625398406324126022e-01
8.556157843564481391e-01
9.244559823934177523e-01
6.199690443862125866e-01
1.317847347255348689e-01
2.908315710227311612e-01
4.563490002458325812e-02
1.052976647503560681e-01
8.733797763730285491e-01
1.153641629366053412e-02
1.517020396578019348e-01
1.772093506722991485e-01
8.961423591852768489e-02
8.020630465190803360e-01
2.371306020967050010e-01
4.901941929950502930e-01
8.329719114539116953e-01
2.650562068958195461e-03
6.803116777231252854e-01
1.214576705517054211e-01
1.991790378195060773e-01
9.288358698983971706e-01
2.457655464918679922e-01
3.555158117907892823e-01
8.421984156932578180e-01
5.515451001946444221e-01
7.909685538568433927e-02
6.649530984597178396e-01
8.267171565655393461e-01
7.522738347786911417e-01
6.990165629390955315e-01
1.877506787214849870e-01
5.266648844476348179e-01
1.203107522691152509e-01
3.621017470041723030e-01
4.317609260916623892e-01
2.362167887388376686e-01
8.170395392368633436e-01
1.075570122201350287e-01
6.982085465682392744e-01
7.898532604898879095e-01
3.976822172727972893e-01
2.594285802431872678e-01
8.638800506406896229e-01
6.625950409108223305e-01
5.381433677515061742e-01
4.832079422281856385e-01
7.995146561272054031e-01
7.299353921078033380e-01
3.642291129239471070e-01
7.615181340377357166e-01
7.592787619649179476e-01
5.669634271242022239e-01
6.416973210761229840e-01
8.479746144387473317e-01
3.103861998663458577e-01
8.318236386593578224e-01
6.360455243217344456e-01
1.523092937393086821e-01
6.007938521388330733e-01
3.656681791198231890e-01
4.850723160337711004e-02
5.454340992363519991e-01
8.192502768624996268e-01
7.257345470400032861e-01
7.309137183633768187e-01
2.024038349327820230e-01
7.226757719015437509e-01
3.637846161414209911e-01
5.441695818170579901e-01
7.193281854234255812e-01
8.763825432929366333e-01
8.274484660330614361e-01
9.305082524247449971e-01
6.422840924822004194e-01
7.774956233580065934e-01
9.281648303279014245e-01
9.219338961884780970e-01
8.219532697408716837e-01
6.294885806553691676e-01
4.476817312744230115e-01
3.646083949522692658e-01
4.876047956217715029e-01
6.767213627508587015e-01
7.918687312027739011e-01
2.182110727179837895e-01
9.149509491884511014e-01
3.408650678896949504e-01
1.935068772460976083e-01
2.533635481557832136e-01
2.074759942097897936e-01
3.449951422509123233e-01
8.383019721753366404e-01
4.009187621014453917e-01
3.591676974599125050e-01
1.303070315798526835e-02
9.955761133483269631e-01
8.801254036286136895e-01
8.296713279046487033e-01
6.939273137275808745e-01
9.415322984641020243e-01
6.451432436673059101e-01
8.018175122828369306e-01
3.949633408937491819e-01
6.462802478772073922e-01
3.552165636178092889e-01
6.421214476535935800e-01
6.220479467489455905e-01
3.028305880390416149e-01
7.386941043354005032e-01
2.764575892582572525e-01
8.540505167943390763e-02
4.792350307289386935e-01
1.907338925976418409e-01
7.065327774870494570e-01
4.976458012977467149e-01
9.637730134477549004e-01
1.664773795221241581e-02
3.283490089082169439e-01
8.576400788066587122e-01
9.695233292957744498e-01
4.023703439809431792e-01
6.446517505826028227e-01
7.854602085843298553e-02
1.388950648565792090e-01
9.717811140682908189e-01
5.019763456212631425e-01
3.382697559608468518e-01
4.914795731435166459e-01
8.986248477707949878e-01
2.270898378590113786e-01
4.093650630465897056e-01
4.908554944092524686e-01
7.855037844363921273e-03
1.287647155891920026e-01
9.588109441867566085e-01
5.970585247612558710e-02
7.392350540326498853e-01
3.652349460942423409e-01
7.933133820307518569e-01
4.222750273340045712e-01
2.012363144201911869e-01
6.798065275739643143e-01
1.454262967983498411e-01
8.778038285713835043e-01
6.542792663229117789e-01
1.309701544960260033e-01
1.282686117304047135e-01
2.130919509594875194e-01
5.766282505250711621e-01
9.799167718876603539e-01
8.585394358485649580e-01
7.197964407927170960e-01
9.521077060635155798e-01
2.631415531040378619e-01
3.647429633812555583e-01
2.142245916861786892e-01
3.472012904434071956e-01
8.188198980711592911e-01
4.913501343291744039e-01
2.964617866674326141e-01
7.540004214359050660e-01
3.615517354780876103e-01
5.846435340356316290e-01
3.185239466979196132e-01
7.547332506408443997e-01
8.467400796376723937e-01
6.897047011971059183e-01
1.292269872875849712e-01
2.190907075479711086e-01
9.336856590462783156e-02
9.489578982698292364e-01
3.505159785009887008e-01
6.617107892559843663e-01
6.939767167943931003e-01
9.723847234865524713e-01
8.346237800919789063e-01
7.356603634746243792e-01
4.384982510101942399e-01
9.720224037968255848e-01
5.586350995001471142e-01
6.756907332268965449e-01
8.040027824991258232e-02
5.851780086419552385e-01
7.429197066258591553e-01
7.877814951768236096e-02
7.507765554269137942e-01
2.845478801528190660e-01
1.225670479524512135e-01
3.314646160302016087e-01
5.170237719125913012e-01
4.247301431408260219e-01
5.451773397925235853e-01
5.779580701375551799e-01
4.887801573659134036e-01
9.810174698770759427e-01
6.053583468337065954e-01
4.514876317188165622e-03
1.841182268555009438e-01
4.985571672346026384e-01
3.448515972374661676e-01
7.132844624477963080e-01
4.095184667519368160e-01
8.756923009386373691e-01
9.111727878103442757e-01
6.696879355352824970e-02
5.843149238680930280e-01
1.797535014704904066e-01
1.624179183277412175e-01
8.124121000431113737e-01
9.184336719229583279e-01
8.401469069388819433e-01
2.539468065250751749e-01
3.555754109333270074e-01
6.339188419136665420e-01
7.395737868754520550e-01
1.047528206629495529e-01
2.846615238926495373e-01
4.600264047747985030e-01
1.706760647761629279e-02
2.627023676031080557e-01
4.327484553681483215e-01
1.566489278938634211e-01
3.871711456601256707e-03
9.318232516806834731e-02
6.577736696210521039e-01
6.453624993650153296e-01
3.057647912735166340e-01
2.787051774906355028e-01
1.685856918851825759e-01
5.341600803849083645e-01
9.614550956670242510e-01
8.784607456262478742e-01
5.762611583714183361e-02
7.551858434940829090e-01
8.606976261734454736e-01
5.049033085287788492e-01
3.308710779826300463e-01
2.332257302497582341e-01
1.735414963443634440e-01
2.293127228220910307e-01
4.908836509526481873e-02
7.772594203220094533e-01
6.428298057173553737e-02
7.503492909820137502e-01
7.390567302519280846e-01
2.290091845909825174e-01
5.552628540610238250e-02
9.134191957205320955e-01
1.035658302312892909e-01
8.652402059481711927e-02
8.590637147885319402e-01
2.887285655794151751e-01
8.691449113726585907e-01
9.438585322056795013e-01
7.907386713567576830e-01
8.524674080422477429e-01
7.636816476625447603e-01
8.417541212885060187e-02
3.079767904266894618e-02
5.364793048574665324e-01
3.177804385965995460e-01
3.479384915450094429e-01
6.604734524756080694e-01
4.230816968213680918e-01
9.215499435097962433e-02
7.190834538130375098e-01
5.122662974204436059e-01
2.945475424951458088e-01
9.607996628027959396e-02
7.547963203847457558e-01
5.761888938746331235e-01
4.283849253626884623e-01
2.058292713016414144e-01
7.014548367500006432e-01
8.481560932871401448e-02
3.056179457175012271e-02
6.624533004594711505e-01
3.772653324976896760e-01
8.764194451782830741e-01
8.734927897430899701e-02
2.628919499149517947e-01
6.734387169812864338e-01
4.737716214117596580e-01
3.830765376008056222e-01
2.633170638853254975e-01
2.720175707362368911e-01
2.515748073645556193e-01
5.801645994881040602e-01
4.713210302235399940e-01
8.617146287032156904e-01
7.606930907157664068e-01
7.102372693134152426e-01
1.567799830950621365e-01
4.202317309583464278e-01
1.124067268925571517e-01
9.167104116773081568e-01
8.656459614894885801e-01
9.596838735206961735e-01
5.757965396837791960e-01
6.614994953505007880e-01
9.861805209946508111e-01
5.392820629001477961e-01
5.604234295933768761e-01
4.848015795196249922e-01
8.134121104233342781e-01
3.865456114794109110e-01
2.109124743943271429e-01
8.993318845635549508e-01
1.380796116559188658e-01
2.210640910817421867e-01
5.265516308958639868e-01
1.663477284472910656e-01
2.928386089529659841e-01
1.302702091640639548e-01
7.171644149295531845e-01
4.742193286829792243e-01
1.712191296065910251e-01
3.261213657869170834e-01
7.920407743734351191e-01
9.570022508195907829e-01
4.168337658355979469e-01
1.730547337374657157e-01
6.814696028493231195e-01
2.375878925970918987e-01
3.021988506757911086e-02
5.548489842356748580e-01
1.942228500648359724e-01
5.039640634608046899e-01
4.260307126941534905e-01
3.350362916237853428e-01
8.596635058821622266e-02
9.701453376291691022e-02
6.222695685380141839e-03
1.689282474188195105e-01
2.905893247602142626e-01
1.125665440840435405e-01
9.670258095988870650e-03
1.751115157871563355e-01
4.773101238311779904e-01
9.432337167710335146e-01
2.431101024085129403e-01
9.517808490591170845e-01
6.302090487851048639e-01
3.923754447688138081e-01
2.548702025114277792e-01
5.074147088903350200e-01
6.503786527475782231e-01
6.144020663789837577e-01
5.736588991790790848e-01
4.814658913341743895e-01
7.079422657806934138e-01
7.857161039118883972e-01
8.370838792356514180e-01
3.619387562094774635e-01
2.950933481721804696e-01
2.327145960833488791e-01
1.613886047511970956e-01
1.931462468713702751e-01
5.990184723359883723e-01
5.444959101764512699e-02
8.054154819182725022e-01
1.858725916950907386e-01
3.036137044967671672e-01
8.083062074205092928e-01
4.885449509677126656e-01
7.460144664955090654e-01
9.399769296853843770e-01
9.118348485165344020e-01
5.221953127302803033e-02
3.620218815299885984e-01
8.638264634151737731e-01
3.187092104595046216e-02
4.485847702284432303e-01
8.953748735147215587e-01
7.804213021081806145e-01
5.399420725658576892e-03
5.065566818178983688e-01
6.547981606911036367e-01
4.563070124545866024e-01
2.565369819990963585e-01
4.390733785789566745e-01
4.784844541646420257e-01
1.949781676442091660e-01
9.760740994171379636e-02
7.373772568171873543e-01
2.976353147874609695e-01
3.814458721443102496e-01
8.810155234100449650e-01
5.783604936402428898e-01
9.297133997364505076e-01
6.320296825135017782e-01
3.404597552258213922e-01
5.314564179028467006e-01
5.221778470358249269e-01
7.909972918517446105e-01
2.740262881560565633e-01
3.691993396287001072e-01
2.098218371756422895e-01
5.295700391186313194e-01
1.018654632126722026e-01
5.433051427009004675e-01
7.242864500563531704e-01
