-2.198827317361380373e+00
3.661313201075061308e+00
1.019389839584742496e+00
-6.507373981810816055e+00
-2.430679377906800553e+00
-2.093002084268078544e+00
-4.573514648087495083e+00
4.935594425215534264e-01
3.478931239256888741e+00
3.514804996002510062e+00
-1.234484198120816972e-01
-1.426194700445340358e+00
2.990979080344572161e+00
-5.511315985548023155e-01
-2.093962647277352485e+00
7.641934444427945117e+00
-5.343622033739744204e+00
3.338571207390585105e+00
7.499239760172648595e+00
-1.421050528179369943e+00
