4
11
22
88
79
40
69
80
81
8
78
41
84
76
95
63
28
68
8
22
10
52
42
98
9
33
68
68
12
45
5
69
45
37
39
33
56
53
56
13
34
65
71
36
39
17
93
59
18
14
48
3
65
12
15
79
29
76
35
42
22
27
74
9
98
81
59
41
22
42
62
68
46
55
84
37
94
49
24
97
45
11
50
36
85
77
8
13
54
95
72
41
20
62
98
92
27
81
42
97
14
16
92
91
28
66
50
80
64
79
61
59
23
56
40
0
26
9
49
35
74
27
93
45
85
68
91
70
41
32
16
40
99
98
69
74
36
81
0
24
30
63
28
26
54
15
80
0
33
58
89
22
17
9
51
27
29
40
85
98
27
34
76
38
41
23
35
46
74
22
72
54
95
37
68
65
46
86
71
96
85
19
66
57
89
7
98
83
53
58
38
41
82
83
24
45
97
49
52
11
55
73
36
78
31
25
11
74
85
31
81
71
50
3
98
97
44
23
26
0
91
18
52
70
17
43
98
43
50
11
5
12
70
48
69
59
31
27
39
29
5
48
81
1
96
40
98
41
14
56
95
87
37
28
57
66
52
74
39
0
48
93
94
1
24
64
83
21
21
63
25
79
49
28
49
20
16
5
26
94
73
37
0
79
79
84
31
12
19
37
55
13
31
31
75
40
95
69
26
78
87
33
21
16
38
98
27
49
34
90
98
36
75
64
78
69
68
59
39
5
99
58
94
66
4
8
23
59
14
43
82
63
77
21
7
35
39
20
32
39
96
3
81
86
19
32
29
37
80
11
68
12
43
30
71
2
30
91
0
98
14
99
74
42
66
92
75
41
96
49
48
56
52
0
64
4
82
37
61
58
55
13
24
6
87
42
7
85
2
25
20
74
45
79
59
31
22
92
76
13
