4.13344e+07
1.0126e+08
9.37004e+07
2.65785e+08
2.22003e+08
3.86106e+08
2.80463e+08
3.76822e+08
4.51464e+08
4.94898e+08
5.13989e+08
4.99377e+08
6.59562e+08
4.88958e+08
7.99701e+08
8.7022e+08
7.32444e+08
8.50133e+08
1.05416e+09
6.74937e+08
1.01374e+09
1.24122e+09
1.3167e+09
1.13205e+09
1.27963e+09
1.18508e+09
1.39541e+09
1.51521e+09
1.20371e+09
1.6769e+09
1.4333e+09
1.35648e+09
1.36728e+09
1.72115e+09
1.59391e+09
1.88476e+09
1.72826e+09
1.77161e+09
1.72258e+09
1.80607e+09
1.79799e+09
1.73934e+09
1.86464e+09
2.3466e+09
1.89762e+09
2.20232e+09
2.38326e+09
2.13084e+09
2.45722e+09
2.34659e+09
2.43262e+09
2.54186e+09
2.63643e+09
3.06409e+09
2.65568e+09
3.18142e+09
2.73186e+09
3.04377e+09
3.02827e+09
3.1036e+09
2.78023e+09
3.38421e+09
2.71867e+09
3.07049e+09
3.33537e+09
3.14557e+09
3.27106e+09
3.35929e+09
3.54443e+09
3.53324e+09
3.55062e+09
3.35127e+09
3.27576e+09
3.24397e+09
3.41619e+09
3.55898e+09
3.65495e+09
3.77656e+09
3.45206e+09
3.53165e+09
3.59312e+09
3.58232e+09
4.0158e+09
3.83117e+09
4.04483e+09
3.87492e+09
3.81804e+09
3.77263e+09
3.9215e+09
4.224e+09
4.18517e+09
4.37405e+09
4.6428e+09
4.44469e+09
4.36952e+09
4.15393e+09
4.12504e+09
4.46877e+09
4.5291e+09
4.88107e+09
4.69811e+09
4.56642e+09
4.72574e+09
4.4978e+09
4.60597e+09
4.59704e+09
5.06921e+09
4.79002e+09
5.21106e+09
5.03306e+09
5.2959e+09
4.89701e+09
5.11977e+09
5.07337e+09
4.59487e+09
4.55526e+09
4.8067e+09
5.06457e+09
4.93323e+09
4.81587e+09
4.99412e+09
5.37238e+09
5.28591e+09
5.42183e+09
5.4421e+09
5.23113e+09
4.75415e+09
5.86011e+09
5.40149e+09
5.9622e+09
5.21239e+09
5.64948e+09
5.3816e+09
5.67072e+09
6.57339e+09
5.70922e+09
5.35616e+09
5.56895e+09
5.82975e+09
5.44178e+09
6.13774e+09
5.30771e+09
5.57669e+09
6.04601e+09
6.0924e+09
6.20395e+09
6.3767e+09
5.90834e+09
6.15732e+09
6.57669e+09
5.74223e+09
5.99962e+09
6.54196e+09
6.37143e+09
6.22949e+09
7.12756e+09
6.29466e+09
6.31314e+09
6.05025e+09
6.21149e+09
6.78763e+09
6.693e+09
6.77333e+09
6.6735e+09
6.94401e+09
6.10196e+09
6.22688e+09
6.37612e+09
6.33433e+09
6.51832e+09
6.71956e+09
6.9752e+09
7.05442e+09
7.24043e+09
6.51812e+09
6.75741e+09
6.50611e+09
7.41524e+09
7.25842e+09
6.58595e+09
7.13023e+09
7.21435e+09
7.77104e+09
7.2016e+09
7.54608e+09
6.76613e+09
7.25456e+09
7.41078e+09
7.73841e+09
7.66025e+09
6.80427e+09
7.90745e+09
7.39306e+09
7.59296e+09
7.69422e+09
8.09162e+09
7.72399e+09
7.90269e+09
7.71977e+09
7.47522e+09
8.01435e+09
7.61762e+09
8.50656e+09
7.88682e+09
7.70726e+09
7.97273e+09
7.75174e+09
8.06446e+09
7.51387e+09
7.75015e+09
7.59311e+09
7.71133e+09
8.00584e+09
7.86593e+09
7.69603e+09
8.30909e+09
8.24389e+09
8.09471e+09
8.25634e+09
7.68919e+09
7.61324e+09
8.38276e+09
8.51802e+09
7.40178e+09
8.30042e+09
8.41422e+09
8.15959e+09
8.36485e+09
8.36363e+09
8.44688e+09
8.5973e+09
8.83899e+09
8.85466e+09
8.04712e+09
7.81336e+09
8.54938e+09
8.02188e+09
8.50054e+09
8.25621e+09
8.42692e+09
9.09874e+09
8.36433e+09
8.25408e+09
9.50142e+09
8.54541e+09
8.49741e+09
8.62776e+09
8.69882e+09
8.8947e+09
8.50612e+09
8.73125e+09
8.19507e+09
9.04983e+09
8.39785e+09
9.22155e+09
8.45957e+09
8.48685e+09
8.93433e+09
8.9897e+09
8.86249e+09
8.68453e+09
8.80228e+09
8.85591e+09
8.98609e+09
8.71664e+09
9.19153e+09
9.54332e+09
8.83746e+09
8.64501e+09
9.41221e+09
9.12613e+09
9.31477e+09
8.75348e+09
9.27219e+09
8.92042e+09
8.78265e+09
9.42239e+09
8.8708e+09
9.00047e+09
8.94785e+09
9.77579e+09
9.09213e+09
8.82941e+09
1.00195e+10
9.50859e+09
9.36592e+09
9.58335e+09
9.40947e+09
9.6192e+09
9.1801e+09
9.01072e+09
9.14478e+09
9.23843e+09
9.24486e+09
9.26086e+09
9.51561e+09
9.75481e+09
9.6339e+09
9.41186e+09
8.91294e+09
9.52743e+09
9.03998e+09
9.78731e+09
9.10575e+09
9.41157e+09
9.37996e+09
9.58689e+09
9.16741e+09
9.40403e+09
9.5526e+09
9.56198e+09
9.42755e+09
9.35899e+09
9.4963e+09
9.45098e+09
9.16944e+09
9.50652e+09
9.30942e+09
9.51382e+09
1.00234e+10
1.0196e+10
9.93368e+09
9.84545e+09
9.36659e+09
9.2885e+09
1.00539e+10
1.00113e+10
9.85144e+09
9.45431e+09
9.15867e+09
9.3286e+09
9.77642e+09
9.36799e+09
9.35036e+09
1.00822e+10
9.84485e+09
1.01146e+10
9.15192e+09
1.01495e+10
1.02628e+10
9.83046e+09
1.0047e+10
9.74092e+09
1.03986e+10
9.93071e+09
1.01005e+10
1.03111e+10
1.04121e+10
1.01397e+10
9.97399e+09
9.34142e+09
9.82845e+09
1.06352e+10
9.7224e+09
1.02074e+10
9.42632e+09
9.73952e+09
9.92308e+09
9.73887e+09
1.01411e+10
1.00367e+10
9.90885e+09
1.01374e+10
9.14594e+09
9.2346e+09
9.95079e+09
1.02788e+10
1.01173e+10
9.63827e+09
1.0018e+10
9.75432e+09
9.69099e+09
1.04079e+10
9.77027e+09
1.00931e+10
1.03496e+10
1.04906e+10
1.01652e+10
9.54254e+09
9.49932e+09
9.71991e+09
1.12939e+10
1.03126e+10
1.00588e+10
9.88313e+09
9.89263e+09
9.93449e+09
1.01595e+10
9.65069e+09
9.46071e+09
9.64941e+09
9.58489e+09
1.00164e+10
1.02394e+10
1.00826e+10
1.06141e+10
1.04003e+10
9.61872e+09
9.93082e+09
1.00067e+10
